0 0.99 0.01 
0.1 0.989878 0.0101221 
0.2 0.989754 0.0102456 
0.3 0.989629 0.0103706 
0.4 0.989503 0.0104971 
0.5 0.989375 0.0106251 
0.6 0.989245 0.0107547 
0.7 0.989114 0.0108858 
0.8 0.988982 0.0110185 
0.9 0.988847 0.0111527 
1 0.988711 0.0112886 
1.1 0.988574 0.0114261 
1.2 0.988435 0.0115652 
1.3 0.988294 0.011706 
1.4 0.988152 0.0118485 
1.5 0.988007 0.0119927 
1.6 0.987861 0.0121386 
1.7 0.987714 0.0122862 
1.8 0.987564 0.0124356 
1.9 0.987413 0.0125868 
2 0.98726 0.0127397 
2.1 0.987105 0.0128945 
2.2 0.986949 0.0130512 
2.3 0.98679 0.0132096 
2.4 0.98663 0.01337 
2.5 0.986468 0.0135323 
2.6 0.986304 0.0136965 
2.7 0.986137 0.0138626 
2.8 0.985969 0.0140308 
2.9 0.985799 0.0142009 
3 0.985627 0.014373 
3.1 0.985453 0.0145471 
3.2 0.985277 0.0147234 
3.3 0.985098 0.0149017 
3.4 0.984918 0.0150821 
3.5 0.984735 0.0152646 
3.6 0.984551 0.0154493 
3.7 0.984364 0.0156361 
3.8 0.984175 0.0158252 
3.9 0.983984 0.0160165 
4 0.98379 0.01621 
4.1 0.983594 0.0164058 
4.2 0.983396 0.0166039 
4.3 0.983196 0.0168044 
4.4 0.982993 0.0170072 
4.5 0.982788 0.0172123 
4.6 0.98258 0.0174199 
4.7 0.98237 0.0176299 
4.8 0.982158 0.0178423 
4.9 0.981943 0.0180573 
5 0.981725 0.0182747 
5.1 0.981505 0.0184947 
5.2 0.981283 0.0187172 
5.3 0.981058 0.0189424 
5.4 0.98083 0.0191701 
5.5 0.980599 0.0194006 
5.6 0.980366 0.0196336 
5.7 0.980131 0.0198694 
5.8 0.979892 0.020108 
5.9 0.979651 0.0203493 
6 0.979407 0.0205934 
6.1 0.97916 0.0208403 
6.2 0.97891 0.0210901 
6.3 0.978657 0.0213427 
6.4 0.978402 0.0215983 
6.5 0.978143 0.0218568 
6.6 0.977882 0.0221184 
6.7 0.977617 0.0223829 
6.8 0.97735 0.0226504 
6.9 0.977079 0.0229211 
7 0.976805 0.0231948 
7.1 0.976528 0.0234717 
7.2 0.976248 0.0237518 
7.3 0.975965 0.024035 
7.4 0.975678 0.0243215 
7.5 0.975389 0.0246113 
7.6 0.975096 0.0249044 
7.7 0.974799 0.0252008 
7.8 0.974499 0.0255006 
7.9 0.974196 0.0258038 
8 0.97389 0.0261105 
8.1 0.973579 0.0264206 
8.2 0.973266 0.0267343 
8.3 0.972949 0.0270515 
8.4 0.972628 0.0273723 
8.5 0.972303 0.0276967 
8.6 0.971975 0.0280248 
8.7 0.971643 0.0283566 
8.8 0.971308 0.0286921 
8.9 0.970969 0.0290314 
9 0.970625 0.0293745 
9.1 0.970279 0.0297215 
9.2 0.969928 0.0300723 
9.3 0.969573 0.0304271 
9.4 0.969214 0.0307859 
9.5 0.968851 0.0311486 
9.6 0.968485 0.0315154 
9.7 0.968114 0.0318863 
9.8 0.967739 0.0322613 
9.9 0.96736 0.0326404 
10 0.966976 0.0330238 
10.1 0.966589 0.0334114 
10.2 0.966197 0.0338033 
10.3 0.9658 0.0341995 
10.4 0.9654 0.0346001 
10.5 0.964995 0.0350051 
10.6 0.964585 0.0354146 
10.7 0.964171 0.0358285 
10.8 0.963753 0.036247 
10.9 0.96333 0.0366701 
11 0.962902 0.0370978 
11.1 0.96247 0.0375301 
11.2 0.962033 0.0379672 
11.3 0.961591 0.038409 
11.4 0.961144 0.0388556 
11.5 0.960693 0.0393071 
11.6 0.960237 0.0397634 
11.7 0.959775 0.0402247 
11.8 0.959309 0.0406909 
11.9 0.958838 0.0411622 
12 0.958362 0.0416385 
12.1 0.95788 0.0421199 
12.2 0.957394 0.0426065 
12.3 0.956902 0.0430983 
12.4 0.956405 0.0435953 
12.5 0.955902 0.0440976 
12.6 0.955395 0.0446053 
12.7 0.954882 0.0451183 
12.8 0.954363 0.0456368 
12.9 0.953839 0.0461607 
13 0.95331 0.0466902 
13.1 0.952775 0.0472252 
13.2 0.952234 0.0477659 
13.3 0.951688 0.0483122 
13.4 0.951136 0.0488642 
13.5 0.950578 0.049422 
13.6 0.950014 0.0499856 
13.7 0.949445 0.0505551 
13.8 0.94887 0.0511304 
13.9 0.948288 0.0517117 
14 0.947701 0.052299 
14.1 0.947108 0.0528924 
14.2 0.946508 0.0534918 
14.3 0.945903 0.0540974 
14.4 0.945291 0.0547092 
14.5 0.944673 0.0553272 
14.6 0.944048 0.0559515 
14.7 0.943418 0.0565821 
14.8 0.942781 0.0572192 
14.9 0.942137 0.0578626 
15 0.941487 0.0585125 
15.1 0.940831 0.059169 
15.2 0.940168 0.059832 
15.3 0.939498 0.0605017 
15.4 0.938822 0.061178 
15.5 0.938139 0.061861 
15.6 0.937449 0.0625508 
15.7 0.936753 0.0632474 
15.8 0.936049 0.0639509 
15.9 0.935339 0.0646613 
16 0.934621 0.0653787 
16.1 0.933897 0.066103 
16.2 0.933166 0.0668345 
16.3 0.932427 0.067573 
16.4 0.931681 0.0683186 
16.5 0.930929 0.0690715 
16.6 0.930168 0.0698316 
16.7 0.929401 0.0705989 
16.8 0.928626 0.0713737 
16.9 0.927844 0.0721557 
17 0.927055 0.0729453 
17.1 0.926258 0.0737422 
17.2 0.925453 0.0745467 
17.3 0.924641 0.0753588 
17.4 0.923822 0.0761784 
17.5 0.922994 0.0770057 
17.6 0.922159 0.0778407 
17.7 0.921317 0.0786835 
17.8 0.920466 0.079534 
17.9 0.919608 0.0803923 
18 0.918742 0.0812585 
18.1 0.917867 0.0821326 
18.2 0.916985 0.0830146 
18.3 0.916095 0.0839046 
18.4 0.915197 0.0848026 
18.5 0.914291 0.0857088 
18.6 0.913377 0.086623 
18.7 0.912455 0.0875453 
18.8 0.911524 0.0884759 
18.9 0.910585 0.0894146 
19 0.909638 0.0903616 
19.1 0.908683 0.091317 
19.2 0.907719 0.0922806 
19.3 0.906747 0.0932526 
19.4 0.905767 0.094233 
19.5 0.904778 0.0952218 
19.6 0.903781 0.0962191 
19.7 0.902775 0.0972249 
19.8 0.901761 0.0982392 
19.9 0.900738 0.0992621 
20 0.899706 0.100294 
20.1 0.898666 0.101334 
20.2 0.897618 0.102382 
20.3 0.89656 0.10344 
20.4 0.895494 0.104506 
20.5 0.894419 0.105581 
20.6 0.893336 0.106664 
20.7 0.892243 0.107757 
20.8 0.891142 0.108858 
20.9 0.890032 0.109968 
21 0.888913 0.111087 
21.1 0.887786 0.112214 
21.2 0.886649 0.113351 
21.3 0.885503 0.114497 
21.4 0.884349 0.115651 
21.5 0.883186 0.116814 
21.6 0.882013 0.117987 
21.7 0.880832 0.119168 
21.8 0.879642 0.120358 
21.9 0.878443 0.121557 
22 0.877235 0.122765 
22.1 0.876017 0.123983 
22.2 0.874791 0.125209 
22.3 0.873556 0.126444 
22.4 0.872312 0.127688 
22.5 0.871059 0.128941 
22.6 0.869796 0.130204 
22.7 0.868525 0.131475 
22.8 0.867245 0.132755 
22.9 0.865955 0.134045 
23 0.864657 0.135343 
23.1 0.86335 0.13665 
23.2 0.862033 0.137967 
23.3 0.860708 0.139292 
23.4 0.859373 0.140627 
23.5 0.85803 0.14197 
23.6 0.856678 0.143322 
23.7 0.855316 0.144684 
23.8 0.853946 0.146054 
23.9 0.852567 0.147433 
24 0.851179 0.148821 
24.1 0.849782 0.150218 
24.2 0.848376 0.151624 
24.3 0.846962 0.153038 
24.4 0.845538 0.154462 
24.5 0.844106 0.155894 
24.6 0.842665 0.157335 
24.7 0.841215 0.158785 
24.8 0.839757 0.160243 
24.9 0.83829 0.16171 
25 0.836814 0.163186 
25.1 0.83533 0.16467 
25.2 0.833837 0.166163 
25.3 0.832335 0.167665 
25.4 0.830825 0.169175 
25.5 0.829307 0.170693 
25.6 0.82778 0.17222 
25.7 0.826245 0.173755 
25.8 0.824702 0.175298 
25.9 0.823151 0.176849 
26 0.821591 0.178409 
26.1 0.820023 0.179977 
26.2 0.818447 0.181553 
26.3 0.816863 0.183137 
26.4 0.815271 0.184729 
26.5 0.813672 0.186328 
26.6 0.812064 0.187936 
26.7 0.810449 0.189551 
26.8 0.808826 0.191174 
26.9 0.807195 0.192805 
27 0.805557 0.194443 
27.1 0.803911 0.196089 
27.2 0.802258 0.197742 
27.3 0.800598 0.199402 
27.4 0.79893 0.20107 
27.5 0.797255 0.202745 
27.6 0.795573 0.204427 
27.7 0.793884 0.206116 
27.8 0.792188 0.207812 
27.9 0.790486 0.209514 
28 0.788776 0.211224 
28.1 0.78706 0.21294 
28.2 0.785337 0.214663 
28.3 0.783608 0.216392 
28.4 0.781873 0.218127 
28.5 0.780131 0.219869 
28.6 0.778383 0.221617 
28.7 0.776629 0.223371 
28.8 0.774869 0.225131 
28.9 0.773103 0.226897 
29 0.771332 0.228668 
29.1 0.769554 0.230446 
29.2 0.767771 0.232229 
29.3 0.765983 0.234017 
29.4 0.76419 0.23581 
29.5 0.762391 0.237609 
29.6 0.760587 0.239413 
29.7 0.758778 0.241222 
29.8 0.756964 0.243036 
29.9 0.755146 0.244854 
30 0.753323 0.246677 
30.1 0.751495 0.248505 
30.2 0.749663 0.250337 
30.3 0.747827 0.252173 
30.4 0.745987 0.254013 
30.5 0.744142 0.255858 
30.6 0.742294 0.257706 
30.7 0.740442 0.259558 
30.8 0.738587 0.261413 
30.9 0.736727 0.263273 
31 0.734865 0.265135 
31.1 0.732999 0.267001 
31.2 0.731131 0.268869 
31.3 0.729259 0.270741 
31.4 0.727384 0.272616 
31.5 0.725507 0.274493 
31.6 0.723628 0.276372 
31.7 0.721745 0.278255 
31.8 0.719861 0.280139 
31.9 0.717974 0.282026 
32 0.716086 0.283914 
32.1 0.714196 0.285804 
32.2 0.712304 0.287696 
32.3 0.71041 0.28959 
32.4 0.708515 0.291485 
32.5 0.706619 0.293381 
32.6 0.704721 0.295279 
32.7 0.702823 0.297177 
32.8 0.700923 0.299077 
32.9 0.699023 0.300977 
33 0.697123 0.302877 
33.1 0.695222 0.304778 
33.2 0.693321 0.306679 
33.3 0.691419 0.308581 
33.4 0.689518 0.310482 
33.5 0.687617 0.312383 
33.6 0.685716 0.314284 
33.7 0.683815 0.316185 
33.8 0.681915 0.318085 
33.9 0.680016 0.319984 
34 0.678118 0.321882 
34.1 0.676221 0.323779 
34.2 0.674325 0.325675 
34.3 0.67243 0.32757 
34.4 0.670537 0.329463 
34.5 0.668645 0.331355 
34.6 0.666755 0.333245 
34.7 0.664867 0.335133 
34.8 0.662981 0.337019 
34.9 0.661098 0.338902 
35 0.659216 0.340784 
35.1 0.657337 0.342663 
35.2 0.655461 0.344539 
35.3 0.653587 0.346413 
35.4 0.651716 0.348284 
35.5 0.649848 0.350152 
35.6 0.647983 0.352017 
35.7 0.646121 0.353879 
35.8 0.644263 0.355737 
35.9 0.642409 0.357591 
36 0.640558 0.359442 
36.1 0.63871 0.36129 
36.2 0.636867 0.363133 
36.3 0.635028 0.364972 
36.4 0.633193 0.366807 
36.5 0.631362 0.368638 
36.6 0.629535 0.370465 
36.7 0.627713 0.372287 
36.8 0.625896 0.374104 
36.9 0.624084 0.375916 
37 0.622276 0.377724 
37.1 0.620474 0.379526 
37.2 0.618676 0.381324 
37.3 0.616884 0.383116 
37.4 0.615097 0.384903 
37.5 0.613316 0.386684 
37.6 0.61154 0.38846 
37.7 0.60977 0.39023 
37.8 0.608005 0.391995 
37.9 0.606247 0.393753 
38 0.604495 0.395505 
38.1 0.602748 0.397252 
38.2 0.601008 0.398992 
38.3 0.599274 0.400726 
38.4 0.597547 0.402453 
38.5 0.595826 0.404174 
38.6 0.594111 0.405889 
38.7 0.592404 0.407596 
38.8 0.590703 0.409297 
38.9 0.589009 0.410991 
39 0.587322 0.412678 
39.1 0.585642 0.414358 
39.2 0.583969 0.416031 
39.3 0.582303 0.417697 
39.4 0.580644 0.419356 
39.5 0.578993 0.421007 
39.6 0.577349 0.422651 
39.7 0.575713 0.424287 
39.8 0.574084 0.425916 
39.9 0.572463 0.427537 
40 0.57085 0.42915 
40.1 0.569244 0.430756 
40.2 0.567647 0.432353 
40.3 0.566057 0.433943 
40.4 0.564475 0.435525 
40.5 0.562901 0.437099 
40.6 0.561336 0.438664 
40.7 0.559778 0.440222 
40.8 0.558229 0.441771 
40.9 0.556687 0.443313 
41 0.555155 0.444845 
41.1 0.55363 0.44637 
41.2 0.552114 0.447886 
41.3 0.550606 0.449394 
41.4 0.549107 0.450893 
41.5 0.547616 0.452384 
41.6 0.546134 0.453866 
41.7 0.544661 0.455339 
41.8 0.543196 0.456804 
41.9 0.54174 0.45826 
42 0.540292 0.459708 
42.1 0.538854 0.461146 
42.2 0.537424 0.462576 
42.3 0.536003 0.463997 
42.4 0.53459 0.46541 
42.5 0.533187 0.466813 
42.6 0.531792 0.468208 
42.7 0.530406 0.469594 
42.8 0.529029 0.470971 
42.9 0.527662 0.472338 
43 0.526303 0.473697 
43.1 0.524953 0.475047 
43.2 0.523612 0.476388 
43.3 0.52228 0.47772 
43.4 0.520956 0.479044 
43.5 0.519642 0.480358 
43.6 0.518337 0.481663 
43.7 0.517041 0.482959 
43.8 0.515754 0.484246 
43.9 0.514476 0.485524 
44 0.513207 0.486793 
44.1 0.511948 0.488052 
44.2 0.510697 0.489303 
44.3 0.509455 0.490545 
44.4 0.508222 0.491778 
44.5 0.506998 0.493002 
44.6 0.505783 0.494217 
44.7 0.504577 0.495423 
44.8 0.503381 0.496619 
44.9 0.502193 0.497807 
45 0.501014 0.498986 
45.1 0.499844 0.500156 
45.2 0.498683 0.501317 
45.3 0.497531 0.502469 
45.4 0.496388 0.503612 
45.5 0.495253 0.504747 
45.6 0.494128 0.505872 
45.7 0.493011 0.506989 
45.8 0.491904 0.508096 
45.9 0.490805 0.509195 
46 0.489715 0.510285 
46.1 0.488633 0.511367 
46.2 0.487561 0.512439 
46.3 0.486497 0.513503 
46.4 0.485442 0.514558 
46.5 0.484395 0.515605 
46.6 0.483358 0.516642 
46.7 0.482328 0.517672 
46.8 0.481308 0.518692 
46.9 0.480296 0.519704 
47 0.479292 0.520708 
47.1 0.478297 0.521703 
47.2 0.47731 0.52269 
47.3 0.476332 0.523668 
47.4 0.475362 0.524638 
47.5 0.474401 0.525599 
47.6 0.473448 0.526552 
47.7 0.472503 0.527497 
47.8 0.471566 0.528434 
47.9 0.470638 0.529362 
48 0.469717 0.530283 
48.1 0.468805 0.531195 
48.2 0.467901 0.532099 
48.3 0.467005 0.532995 
48.4 0.466118 0.533882 
48.5 0.465238 0.534762 
48.6 0.464366 0.535634 
48.7 0.463501 0.536499 
48.8 0.462645 0.537355 
48.9 0.461797 0.538203 
49 0.460956 0.539044 
49.1 0.460123 0.539877 
49.2 0.459298 0.540702 
49.3 0.45848 0.54152 
49.4 0.45767 0.54233 
49.5 0.456867 0.543133 
49.6 0.456072 0.543928 
49.7 0.455285 0.544715 
49.8 0.454505 0.545495 
49.9 0.453732 0.546268 
50 0.452966 0.547034 
50.1 0.452208 0.547792 
50.2 0.451457 0.548543 
50.3 0.450713 0.549287 
50.4 0.449977 0.550023 
50.5 0.449247 0.550753 
50.6 0.448525 0.551475 
50.7 0.447809 0.552191 
50.8 0.4471 0.5529 
50.9 0.446399 0.553601 
51 0.445704 0.554296 
51.1 0.445016 0.554984 
51.2 0.444335 0.555665 
51.3 0.44366 0.55634 
51.4 0.442992 0.557008 
51.5 0.442331 0.557669 
51.6 0.441676 0.558324 
51.7 0.441028 0.558972 
51.8 0.440386 0.559614 
51.9 0.439751 0.560249 
52 0.439122 0.560878 
52.1 0.438499 0.561501 
52.2 0.437883 0.562117 
52.3 0.437272 0.562728 
52.4 0.436669 0.563331 
52.5 0.436071 0.563929 
52.6 0.435479 0.564521 
52.7 0.434893 0.565107 
52.8 0.434313 0.565687 
52.9 0.43374 0.56626 
53 0.433172 0.566828 
53.1 0.43261 0.56739 
53.2 0.432053 0.567947 
53.3 0.431503 0.568497 
53.4 0.430958 0.569042 
53.5 0.430419 0.569581 
53.6 0.429885 0.570115 
53.7 0.429357 0.570643 
53.8 0.428835 0.571165 
53.9 0.428318 0.571682 
54 0.427806 0.572194 
54.1 0.4273 0.5727 
54.2 0.426799 0.573201 
54.3 0.426303 0.573697 
54.4 0.425813 0.574187 
54.5 0.425327 0.574673 
54.6 0.424847 0.575153 
54.7 0.424372 0.575628 
54.8 0.423902 0.576098 
54.9 0.423437 0.576563 
55 0.422977 0.577023 
55.1 0.422522 0.577478 
55.2 0.422072 0.577928 
55.3 0.421627 0.578373 
55.4 0.421186 0.578814 
55.5 0.42075 0.57925 
55.6 0.420319 0.579681 
55.7 0.419893 0.580107 
55.8 0.419471 0.580529 
55.9 0.419054 0.580946 
56 0.418641 0.581359 
56.1 0.418233 0.581767 
56.2 0.417829 0.582171 
56.3 0.417429 0.582571 
56.4 0.417034 0.582966 
56.5 0.416643 0.583357 
56.6 0.416257 0.583743 
56.7 0.415875 0.584125 
56.8 0.415497 0.584503 
56.9 0.415123 0.584877 
57 0.414753 0.585247 
57.1 0.414387 0.585613 
57.2 0.414025 0.585975 
57.3 0.413668 0.586332 
57.4 0.413314 0.586686 
57.5 0.412964 0.587036 
57.6 0.412618 0.587382 
57.7 0.412276 0.587724 
57.8 0.411938 0.588062 
57.9 0.411603 0.588397 
58 0.411272 0.588728 
58.1 0.410945 0.589055 
58.2 0.410622 0.589378 
58.3 0.410302 0.589698 
58.4 0.409986 0.590014 
58.5 0.409673 0.590327 
58.6 0.409364 0.590636 
58.7 0.409058 0.590942 
58.8 0.408756 0.591244 
58.9 0.408457 0.591543 
59 0.408161 0.591839 
59.1 0.407869 0.592131 
59.2 0.40758 0.59242 
59.3 0.407294 0.592706 
59.4 0.407012 0.592988 
59.5 0.406733 0.593267 
59.6 0.406457 0.593543 
59.7 0.406184 0.593816 
59.8 0.405914 0.594086 
59.9 0.405647 0.594353 
60 0.405383 0.594617 
60.1 0.405123 0.594877 
60.2 0.404865 0.595135 
60.3 0.40461 0.59539 
60.4 0.404358 0.595642 
60.5 0.404109 0.595891 
60.6 0.403863 0.596137 
60.7 0.40362 0.59638 
60.8 0.403379 0.596621 
60.9 0.403141 0.596859 
61 0.402906 0.597094 
61.1 0.402674 0.597326 
61.2 0.402444 0.597556 
61.3 0.402217 0.597783 
61.4 0.401992 0.598008 
61.5 0.401771 0.598229 
61.6 0.401551 0.598449 
61.7 0.401334 0.598666 
61.8 0.40112 0.59888 
61.9 0.400908 0.599092 
62 0.400699 0.599301 
62.1 0.400492 0.599508 
62.2 0.400287 0.599713 
62.3 0.400085 0.599915 
62.4 0.399885 0.600115 
62.5 0.399688 0.600312 
62.6 0.399493 0.600507 
62.7 0.3993 0.6007 
62.8 0.399109 0.600891 
62.9 0.398921 0.601079 
63 0.398734 0.601266 
63.1 0.39855 0.60145 
63.2 0.398368 0.601632 
63.3 0.398188 0.601812 
63.4 0.398011 0.601989 
63.5 0.397835 0.602165 
63.6 0.397661 0.602339 
63.7 0.39749 0.60251 
63.8 0.39732 0.60268 
63.9 0.397153 0.602847 
64 0.396987 0.603013 
64.1 0.396823 0.603177 
64.2 0.396661 0.603339 
64.3 0.396502 0.603498 
64.4 0.396344 0.603656 
64.5 0.396187 0.603813 
64.6 0.396033 0.603967 
64.7 0.395881 0.604119 
64.8 0.39573 0.60427 
64.9 0.395581 0.604419 
65 0.395434 0.604566 
65.1 0.395288 0.604712 
65.2 0.395145 0.604855 
65.3 0.395003 0.604997 
65.4 0.394862 0.605138 
65.5 0.394723 0.605277 
65.6 0.394586 0.605414 
65.7 0.394451 0.605549 
65.8 0.394317 0.605683 
65.9 0.394185 0.605815 
66 0.394054 0.605946 
66.1 0.393925 0.606075 
66.2 0.393797 0.606203 
66.3 0.393671 0.606329 
66.4 0.393547 0.606453 
66.5 0.393423 0.606577 
66.6 0.393302 0.606698 
66.7 0.393182 0.606818 
66.8 0.393063 0.606937 
66.9 0.392945 0.607055 
67 0.392829 0.607171 
67.1 0.392715 0.607285 
67.2 0.392601 0.607399 
67.3 0.39249 0.60751 
67.4 0.392379 0.607621 
67.5 0.39227 0.60773 
67.6 0.392162 0.607838 
67.7 0.392055 0.607945 
67.8 0.39195 0.60805 
67.9 0.391845 0.608155 
68 0.391743 0.608257 
68.1 0.391641 0.608359 
68.2 0.39154 0.60846 
68.3 0.391441 0.608559 
68.4 0.391343 0.608657 
68.5 0.391246 0.608754 
68.6 0.39115 0.60885 
68.7 0.391056 0.608944 
68.8 0.390962 0.609038 
68.9 0.39087 0.60913 
69 0.390779 0.609221 
69.1 0.390688 0.609312 
69.2 0.390599 0.609401 
69.3 0.390511 0.609489 
69.4 0.390424 0.609576 
69.5 0.390338 0.609662 
69.6 0.390253 0.609747 
69.7 0.39017 0.60983 
69.8 0.390087 0.609913 
69.9 0.390005 0.609995 
70 0.389924 0.610076 
70.1 0.389844 0.610156 
70.2 0.389765 0.610235 
70.3 0.389687 0.610313 
70.4 0.38961 0.61039 
70.5 0.389534 0.610466 
70.6 0.389459 0.610541 
70.7 0.389384 0.610616 
70.8 0.389311 0.610689 
70.9 0.389238 0.610762 
71 0.389166 0.610834 
71.1 0.389096 0.610904 
71.2 0.389026 0.610974 
71.3 0.388957 0.611043 
71.4 0.388888 0.611112 
71.5 0.388821 0.611179 
71.6 0.388754 0.611246 
71.7 0.388688 0.611312 
71.8 0.388623 0.611377 
71.9 0.388559 0.611441 
72 0.388495 0.611505 
72.1 0.388433 0.611567 
72.2 0.388371 0.611629 
72.3 0.388309 0.611691 
72.4 0.388249 0.611751 
72.5 0.388189 0.611811 
72.6 0.38813 0.61187 
72.7 0.388072 0.611928 
72.8 0.388014 0.611986 
72.9 0.387957 0.612043 
73 0.387901 0.612099 
73.1 0.387845 0.612155 
73.2 0.38779 0.61221 
73.3 0.387736 0.612264 
73.4 0.387682 0.612318 
73.5 0.38763 0.61237 
73.6 0.387577 0.612423 
73.7 0.387526 0.612474 
73.8 0.387475 0.612525 
73.9 0.387424 0.612576 
74 0.387374 0.612626 
74.1 0.387325 0.612675 
74.2 0.387276 0.612724 
74.3 0.387228 0.612772 
74.4 0.387181 0.612819 
74.5 0.387134 0.612866 
74.6 0.387088 0.612912 
74.7 0.387042 0.612958 
74.8 0.386997 0.613003 
74.9 0.386952 0.613048 
75 0.386908 0.613092 
75.1 0.386865 0.613135 
75.2 0.386822 0.613178 
75.3 0.386779 0.613221 
75.4 0.386737 0.613263 
75.5 0.386696 0.613304 
75.6 0.386655 0.613345 
75.7 0.386614 0.613386 
75.8 0.386574 0.613426 
75.9 0.386535 0.613465 
76 0.386495 0.613505 
76.1 0.386457 0.613543 
76.2 0.386419 0.613581 
76.3 0.386381 0.613619 
76.4 0.386344 0.613656 
76.5 0.386307 0.613693 
76.6 0.386271 0.613729 
76.7 0.386235 0.613765 
76.8 0.3862 0.6138 
76.9 0.386165 0.613835 
77 0.38613 0.61387 
77.1 0.386096 0.613904 
77.2 0.386062 0.613938 
77.3 0.386029 0.613971 
77.4 0.385996 0.614004 
77.5 0.385964 0.614036 
77.6 0.385932 0.614068 
77.7 0.3859 0.6141 
77.8 0.385869 0.614131 
77.9 0.385838 0.614162 
78 0.385807 0.614193 
78.1 0.385777 0.614223 
78.2 0.385747 0.614253 
78.3 0.385717 0.614283 
78.4 0.385688 0.614312 
78.5 0.38566 0.61434 
78.6 0.385631 0.614369 
78.7 0.385603 0.614397 
78.8 0.385575 0.614425 
78.9 0.385548 0.614452 
79 0.385521 0.614479 
79.1 0.385494 0.614506 
79.2 0.385468 0.614532 
79.3 0.385442 0.614558 
79.4 0.385416 0.614584 
79.5 0.385391 0.614609 
79.6 0.385365 0.614635 
79.7 0.385341 0.614659 
79.8 0.385316 0.614684 
79.9 0.385292 0.614708 
80 0.385268 0.614732 
80.1 0.385244 0.614756 
80.2 0.385221 0.614779 
80.3 0.385198 0.614802 
80.4 0.385175 0.614825 
80.5 0.385153 0.614847 
80.6 0.38513 0.61487 
80.7 0.385108 0.614892 
80.8 0.385087 0.614913 
80.9 0.385065 0.614935 
81 0.385044 0.614956 
81.1 0.385023 0.614977 
81.2 0.385003 0.614997 
81.3 0.384982 0.615018 
81.4 0.384962 0.615038 
81.5 0.384942 0.615058 
81.6 0.384922 0.615078 
81.7 0.384903 0.615097 
81.8 0.384884 0.615116 
81.9 0.384865 0.615135 
82 0.384846 0.615154 
82.1 0.384828 0.615172 
82.2 0.384809 0.615191 
82.3 0.384791 0.615209 
82.4 0.384773 0.615227 
82.5 0.384756 0.615244 
82.6 0.384738 0.615262 
82.7 0.384721 0.615279 
82.8 0.384704 0.615296 
82.9 0.384688 0.615312 
83 0.384671 0.615329 
83.1 0.384655 0.615345 
83.2 0.384638 0.615362 
83.3 0.384622 0.615378 
83.4 0.384607 0.615393 
83.5 0.384591 0.615409 
83.6 0.384576 0.615424 
83.7 0.384561 0.615439 
83.8 0.384546 0.615454 
83.9 0.384531 0.615469 
84 0.384516 0.615484 
84.1 0.384502 0.615498 
84.2 0.384487 0.615513 
84.3 0.384473 0.615527 
84.4 0.384459 0.615541 
84.5 0.384445 0.615555 
84.6 0.384432 0.615568 
84.7 0.384418 0.615582 
84.8 0.384405 0.615595 
84.9 0.384392 0.615608 
85 0.384379 0.615621 
85.1 0.384366 0.615634 
85.2 0.384354 0.615646 
85.3 0.384341 0.615659 
85.4 0.384329 0.615671 
85.5 0.384317 0.615683 
85.6 0.384305 0.615695 
85.7 0.384293 0.615707 
85.8 0.384281 0.615719 
85.9 0.384269 0.615731 
86 0.384258 0.615742 
86.1 0.384247 0.615753 
86.2 0.384235 0.615765 
86.3 0.384224 0.615776 
86.4 0.384213 0.615787 
86.5 0.384203 0.615797 
86.6 0.384192 0.615808 
86.7 0.384182 0.615818 
86.8 0.384171 0.615829 
86.9 0.384161 0.615839 
87 0.384151 0.615849 
87.1 0.384141 0.615859 
87.2 0.384131 0.615869 
87.3 0.384121 0.615879 
87.4 0.384111 0.615889 
87.5 0.384102 0.615898 
87.6 0.384093 0.615907 
87.7 0.384083 0.615917 
87.8 0.384074 0.615926 
87.9 0.384065 0.615935 
88 0.384056 0.615944 
88.1 0.384047 0.615953 
88.2 0.384038 0.615962 
88.3 0.38403 0.61597 
88.4 0.384021 0.615979 
88.5 0.384013 0.615987 
88.6 0.384005 0.615995 
88.7 0.383996 0.616004 
88.8 0.383988 0.616012 
88.9 0.38398 0.61602 
89 0.383972 0.616028 
89.1 0.383964 0.616036 
89.2 0.383957 0.616043 
89.3 0.383949 0.616051 
89.4 0.383942 0.616058 
89.5 0.383934 0.616066 
89.6 0.383927 0.616073 
89.7 0.383919 0.616081 
89.8 0.383912 0.616088 
89.9 0.383905 0.616095 
90 0.383898 0.616102 
90.1 0.383891 0.616109 
90.2 0.383884 0.616116 
90.3 0.383878 0.616122 
90.4 0.383871 0.616129 
90.5 0.383864 0.616136 
90.6 0.383858 0.616142 
90.7 0.383852 0.616148 
90.8 0.383845 0.616155 
90.9 0.383839 0.616161 
91 0.383833 0.616167 
91.1 0.383827 0.616173 
91.2 0.383821 0.616179 
91.3 0.383815 0.616185 
91.4 0.383809 0.616191 
91.5 0.383803 0.616197 
91.6 0.383797 0.616203 
91.7 0.383791 0.616209 
91.8 0.383786 0.616214 
91.9 0.38378 0.61622 
92 0.383775 0.616225 
92.1 0.383769 0.616231 
92.2 0.383764 0.616236 
92.3 0.383759 0.616241 
92.4 0.383754 0.616246 
92.5 0.383748 0.616252 
92.6 0.383743 0.616257 
92.7 0.383738 0.616262 
92.8 0.383733 0.616267 
92.9 0.383728 0.616272 
93 0.383724 0.616276 
93.1 0.383719 0.616281 
93.2 0.383714 0.616286 
93.3 0.383709 0.616291 
93.4 0.383705 0.616295 
93.5 0.3837 0.6163 
93.6 0.383696 0.616304 
93.7 0.383691 0.616309 
93.8 0.383687 0.616313 
93.9 0.383683 0.616317 
94 0.383678 0.616322 
94.1 0.383674 0.616326 
94.2 0.38367 0.61633 
94.3 0.383666 0.616334 
94.4 0.383662 0.616338 
94.5 0.383658 0.616342 
94.6 0.383654 0.616346 
94.7 0.38365 0.61635 
94.8 0.383646 0.616354 
94.9 0.383642 0.616358 
95 0.383638 0.616362 
95.1 0.383635 0.616365 
95.2 0.383631 0.616369 
95.3 0.383627 0.616373 
95.4 0.383624 0.616376 
95.5 0.38362 0.61638 
95.6 0.383617 0.616383 
95.7 0.383613 0.616387 
95.8 0.38361 0.61639 
95.9 0.383606 0.616394 
96 0.383603 0.616397 
96.1 0.3836 0.6164 
96.2 0.383596 0.616404 
96.3 0.383593 0.616407 
96.4 0.38359 0.61641 
96.5 0.383587 0.616413 
96.6 0.383584 0.616416 
96.7 0.383581 0.616419 
96.8 0.383578 0.616422 
96.9 0.383575 0.616425 
97 0.383572 0.616428 
97.1 0.383569 0.616431 
97.2 0.383566 0.616434 
97.3 0.383563 0.616437 
97.4 0.38356 0.61644 
97.5 0.383557 0.616443 
97.6 0.383555 0.616445 
97.7 0.383552 0.616448 
97.8 0.383549 0.616451 
97.9 0.383547 0.616453 
98 0.383544 0.616456 
98.1 0.383541 0.616459 
98.2 0.383539 0.616461 
98.3 0.383536 0.616464 
98.4 0.383534 0.616466 
98.5 0.383531 0.616469 
98.6 0.383529 0.616471 
98.7 0.383527 0.616473 
98.8 0.383524 0.616476 
98.9 0.383522 0.616478 
99 0.38352 0.61648 
99.1 0.383517 0.616483 
99.2 0.383515 0.616485 
99.3 0.383513 0.616487 
99.4 0.383511 0.616489 
99.5 0.383508 0.616492 
99.6 0.383506 0.616494 
99.7 0.383504 0.616496 
99.8 0.383502 0.616498 
99.9 0.3835 0.6165 
100 0.383498 0.616502 
100.1 0.383496 0.616504 
100.2 0.383494 0.616506 
100.3 0.383492 0.616508 
100.4 0.38349 0.61651 
100.5 0.383488 0.616512 
100.6 0.383486 0.616514 
100.7 0.383484 0.616516 
100.8 0.383483 0.616517 
100.9 0.383481 0.616519 
101 0.383479 0.616521 
101.1 0.383477 0.616523 
101.2 0.383475 0.616525 
101.3 0.383474 0.616526 
101.4 0.383472 0.616528 
101.5 0.38347 0.61653 
101.6 0.383469 0.616531 
101.7 0.383467 0.616533 
101.8 0.383465 0.616535 
101.9 0.383464 0.616536 
102 0.383462 0.616538 
102.1 0.38346 0.61654 
102.2 0.383459 0.616541 
102.3 0.383457 0.616543 
102.4 0.383456 0.616544 
102.5 0.383454 0.616546 
102.6 0.383453 0.616547 
102.7 0.383451 0.616549 
102.8 0.38345 0.61655 
102.9 0.383448 0.616552 
103 0.383447 0.616553 
103.1 0.383446 0.616554 
103.2 0.383444 0.616556 
103.3 0.383443 0.616557 
103.4 0.383442 0.616558 
103.5 0.38344 0.61656 
103.6 0.383439 0.616561 
103.7 0.383438 0.616562 
103.8 0.383436 0.616564 
103.9 0.383435 0.616565 
104 0.383434 0.616566 
104.1 0.383433 0.616567 
104.2 0.383431 0.616569 
104.3 0.38343 0.61657 
104.4 0.383429 0.616571 
104.5 0.383428 0.616572 
104.6 0.383427 0.616573 
104.7 0.383426 0.616574 
104.8 0.383424 0.616576 
104.9 0.383423 0.616577 
105 0.383422 0.616578 
105.1 0.383421 0.616579 
105.2 0.38342 0.61658 
105.3 0.383419 0.616581 
105.4 0.383418 0.616582 
105.5 0.383417 0.616583 
105.6 0.383416 0.616584 
105.7 0.383415 0.616585 
105.8 0.383414 0.616586 
105.9 0.383413 0.616587 
106 0.383412 0.616588 
106.1 0.383411 0.616589 
106.2 0.38341 0.61659 
106.3 0.383409 0.616591 
106.4 0.383408 0.616592 
106.5 0.383407 0.616593 
106.6 0.383406 0.616594 
106.7 0.383405 0.616595 
106.8 0.383405 0.616595 
106.9 0.383404 0.616596 
107 0.383403 0.616597 
107.1 0.383402 0.616598 
107.2 0.383401 0.616599 
107.3 0.3834 0.6166 
107.4 0.383399 0.616601 
107.5 0.383399 0.616601 
107.6 0.383398 0.616602 
107.7 0.383397 0.616603 
107.8 0.383396 0.616604 
107.9 0.383395 0.616605 
108 0.383395 0.616605 
108.1 0.383394 0.616606 
108.2 0.383393 0.616607 
108.3 0.383393 0.616607 
108.4 0.383392 0.616608 
108.5 0.383391 0.616609 
108.6 0.38339 0.61661 
108.7 0.38339 0.61661 
108.8 0.383389 0.616611 
108.9 0.383388 0.616612 
109 0.383388 0.616612 
109.1 0.383387 0.616613 
109.2 0.383386 0.616614 
109.3 0.383386 0.616614 
109.4 0.383385 0.616615 
109.5 0.383384 0.616616 
109.6 0.383384 0.616616 
109.7 0.383383 0.616617 
109.8 0.383383 0.616617 
109.9 0.383382 0.616618 
110 0.383381 0.616619 
110.1 0.383381 0.616619 
110.2 0.38338 0.61662 
110.3 0.38338 0.61662 
110.4 0.383379 0.616621 
110.5 0.383378 0.616622 
110.6 0.383378 0.616622 
110.7 0.383377 0.616623 
110.8 0.383377 0.616623 
110.9 0.383376 0.616624 
111 0.383376 0.616624 
111.1 0.383375 0.616625 
111.2 0.383375 0.616625 
111.3 0.383374 0.616626 
111.4 0.383374 0.616626 
111.5 0.383373 0.616627 
111.6 0.383373 0.616627 
111.7 0.383372 0.616628 
111.8 0.383372 0.616628 
111.9 0.383371 0.616629 
112 0.383371 0.616629 
112.1 0.38337 0.61663 
112.2 0.38337 0.61663 
112.3 0.383369 0.616631 
112.4 0.383369 0.616631 
112.5 0.383369 0.616631 
112.6 0.383368 0.616632 
112.7 0.383368 0.616632 
112.8 0.383367 0.616633 
112.9 0.383367 0.616633 
113 0.383366 0.616634 
113.1 0.383366 0.616634 
113.2 0.383366 0.616634 
113.3 0.383365 0.616635 
113.4 0.383365 0.616635 
113.5 0.383364 0.616636 
113.6 0.383364 0.616636 
113.7 0.383364 0.616636 
113.8 0.383363 0.616637 
113.9 0.383363 0.616637 
114 0.383363 0.616637 
114.1 0.383362 0.616638 
114.2 0.383362 0.616638 
114.3 0.383362 0.616638 
114.4 0.383361 0.616639 
114.5 0.383361 0.616639 
114.6 0.383361 0.616639 
114.7 0.38336 0.61664 
114.8 0.38336 0.61664 
114.9 0.38336 0.61664 
115 0.383359 0.616641 
115.1 0.383359 0.616641 
115.2 0.383359 0.616641 
115.3 0.383358 0.616642 
115.4 0.383358 0.616642 
115.5 0.383358 0.616642 
115.6 0.383357 0.616643 
115.7 0.383357 0.616643 
115.8 0.383357 0.616643 
115.9 0.383357 0.616643 
116 0.383356 0.616644 
116.1 0.383356 0.616644 
116.2 0.383356 0.616644 
116.3 0.383355 0.616645 
116.4 0.383355 0.616645 
116.5 0.383355 0.616645 
116.6 0.383355 0.616645 
116.7 0.383354 0.616646 
116.8 0.383354 0.616646 
116.9 0.383354 0.616646 
117 0.383354 0.616646 
117.1 0.383353 0.616647 
117.2 0.383353 0.616647 
117.3 0.383353 0.616647 
117.4 0.383353 0.616647 
117.5 0.383352 0.616648 
117.6 0.383352 0.616648 
117.7 0.383352 0.616648 
117.8 0.383352 0.616648 
117.9 0.383351 0.616649 
118 0.383351 0.616649 
118.1 0.383351 0.616649 
118.2 0.383351 0.616649 
118.3 0.383351 0.616649 
118.4 0.38335 0.61665 
118.5 0.38335 0.61665 
118.6 0.38335 0.61665 
118.7 0.38335 0.61665 
118.8 0.38335 0.61665 
118.9 0.383349 0.616651 
119 0.383349 0.616651 
119.1 0.383349 0.616651 
119.2 0.383349 0.616651 
119.3 0.383349 0.616651 
119.4 0.383348 0.616652 
119.5 0.383348 0.616652 
119.6 0.383348 0.616652 
119.7 0.383348 0.616652 
119.8 0.383348 0.616652 
119.9 0.383347 0.616653 
120 0.383347 0.616653 
120.1 0.383347 0.616653 
120.2 0.383347 0.616653 
120.3 0.383347 0.616653 
120.4 0.383347 0.616653 
120.5 0.383346 0.616654 
120.6 0.383346 0.616654 
120.7 0.383346 0.616654 
120.8 0.383346 0.616654 
120.9 0.383346 0.616654 
121 0.383346 0.616654 
121.1 0.383346 0.616654 
121.2 0.383345 0.616655 
121.3 0.383345 0.616655 
121.4 0.383345 0.616655 
121.5 0.383345 0.616655 
121.6 0.383345 0.616655 
121.7 0.383345 0.616655 
121.8 0.383345 0.616655 
121.9 0.383344 0.616656 
122 0.383344 0.616656 
122.1 0.383344 0.616656 
122.2 0.383344 0.616656 
122.3 0.383344 0.616656 
122.4 0.383344 0.616656 
122.5 0.383344 0.616656 
122.6 0.383343 0.616657 
122.7 0.383343 0.616657 
122.8 0.383343 0.616657 
122.9 0.383343 0.616657 
123 0.383343 0.616657 
123.1 0.383343 0.616657 
123.2 0.383343 0.616657 
123.3 0.383343 0.616657 
123.4 0.383343 0.616657 
123.5 0.383342 0.616658 
123.6 0.383342 0.616658 
123.7 0.383342 0.616658 
123.8 0.383342 0.616658 
123.9 0.383342 0.616658 
124 0.383342 0.616658 
124.1 0.383342 0.616658 
124.2 0.383342 0.616658 
124.3 0.383342 0.616658 
124.4 0.383341 0.616659 
124.5 0.383341 0.616659 
124.6 0.383341 0.616659 
124.7 0.383341 0.616659 
124.8 0.383341 0.616659 
124.9 0.383341 0.616659 
125 0.383341 0.616659 
125.1 0.383341 0.616659 
125.2 0.383341 0.616659 
125.3 0.383341 0.616659 
125.4 0.383341 0.616659 
125.5 0.38334 0.61666 
125.6 0.38334 0.61666 
125.7 0.38334 0.61666 
125.8 0.38334 0.61666 
125.9 0.38334 0.61666 
126 0.38334 0.61666 
126.1 0.38334 0.61666 
126.2 0.38334 0.61666 
126.3 0.38334 0.61666 
126.4 0.38334 0.61666 
126.5 0.38334 0.61666 
126.6 0.38334 0.61666 
126.7 0.383339 0.616661 
126.8 0.383339 0.616661 
126.9 0.383339 0.616661 
127 0.383339 0.616661 
127.1 0.383339 0.616661 
127.2 0.383339 0.616661 
127.3 0.383339 0.616661 
127.4 0.383339 0.616661 
127.5 0.383339 0.616661 
127.6 0.383339 0.616661 
127.7 0.383339 0.616661 
127.8 0.383339 0.616661 
127.9 0.383339 0.616661 
128 0.383339 0.616661 
128.1 0.383338 0.616662 
128.2 0.383338 0.616662 
128.3 0.383338 0.616662 
128.4 0.383338 0.616662 
128.5 0.383338 0.616662 
128.6 0.383338 0.616662 
128.7 0.383338 0.616662 
128.8 0.383338 0.616662 
128.9 0.383338 0.616662 
129 0.383338 0.616662 
129.1 0.383338 0.616662 
129.2 0.383338 0.616662 
129.3 0.383338 0.616662 
129.4 0.383338 0.616662 
129.5 0.383338 0.616662 
129.6 0.383338 0.616662 
129.7 0.383338 0.616662 
129.8 0.383338 0.616662 
129.9 0.383337 0.616663 
130 0.383337 0.616663 
130.1 0.383337 0.616663 
130.2 0.383337 0.616663 
130.3 0.383337 0.616663 
130.4 0.383337 0.616663 
130.5 0.383337 0.616663 
130.6 0.383337 0.616663 
130.7 0.383337 0.616663 
130.8 0.383337 0.616663 
130.9 0.383337 0.616663 
131 0.383337 0.616663 
131.1 0.383337 0.616663 
131.2 0.383337 0.616663 
131.3 0.383337 0.616663 
131.4 0.383337 0.616663 
131.5 0.383337 0.616663 
131.6 0.383337 0.616663 
131.7 0.383337 0.616663 
131.8 0.383337 0.616663 
131.9 0.383337 0.616663 
132 0.383337 0.616663 
132.1 0.383336 0.616664 
132.2 0.383336 0.616664 
132.3 0.383336 0.616664 
132.4 0.383336 0.616664 
132.5 0.383336 0.616664 
132.6 0.383336 0.616664 
132.7 0.383336 0.616664 
132.8 0.383336 0.616664 
132.9 0.383336 0.616664 
133 0.383336 0.616664 
133.1 0.383336 0.616664 
133.2 0.383336 0.616664 
133.3 0.383336 0.616664 
133.4 0.383336 0.616664 
133.5 0.383336 0.616664 
133.6 0.383336 0.616664 
133.7 0.383336 0.616664 
133.8 0.383336 0.616664 
133.9 0.383336 0.616664 
134 0.383336 0.616664 
134.1 0.383336 0.616664 
134.2 0.383336 0.616664 
134.3 0.383336 0.616664 
134.4 0.383336 0.616664 
134.5 0.383336 0.616664 
134.6 0.383336 0.616664 
134.7 0.383336 0.616664 
134.8 0.383336 0.616664 
134.9 0.383336 0.616664 
135 0.383336 0.616664 
135.1 0.383336 0.616664 
135.2 0.383335 0.616665 
135.3 0.383335 0.616665 
135.4 0.383335 0.616665 
135.5 0.383335 0.616665 
135.6 0.383335 0.616665 
135.7 0.383335 0.616665 
135.8 0.383335 0.616665 
135.9 0.383335 0.616665 
136 0.383335 0.616665 
136.1 0.383335 0.616665 
136.2 0.383335 0.616665 
136.3 0.383335 0.616665 
136.4 0.383335 0.616665 
136.5 0.383335 0.616665 
136.6 0.383335 0.616665 
136.7 0.383335 0.616665 
136.8 0.383335 0.616665 
136.9 0.383335 0.616665 
137 0.383335 0.616665 
137.1 0.383335 0.616665 
137.2 0.383335 0.616665 
137.3 0.383335 0.616665 
137.4 0.383335 0.616665 
137.5 0.383335 0.616665 
137.6 0.383335 0.616665 
137.7 0.383335 0.616665 
137.8 0.383335 0.616665 
137.9 0.383335 0.616665 
138 0.383335 0.616665 
138.1 0.383335 0.616665 
138.2 0.383335 0.616665 
138.3 0.383335 0.616665 
138.4 0.383335 0.616665 
138.5 0.383335 0.616665 
138.6 0.383335 0.616665 
138.7 0.383335 0.616665 
138.8 0.383335 0.616665 
138.9 0.383335 0.616665 
139 0.383335 0.616665 
139.1 0.383335 0.616665 
139.2 0.383335 0.616665 
139.3 0.383335 0.616665 
139.4 0.383335 0.616665 
139.5 0.383335 0.616665 
139.6 0.383335 0.616665 
139.7 0.383335 0.616665 
139.8 0.383335 0.616665 
139.9 0.383335 0.616665 
140 0.383335 0.616665 
140.1 0.383335 0.616665 
140.2 0.383334 0.616666 
140.3 0.383334 0.616666 
140.4 0.383334 0.616666 
140.5 0.383334 0.616666 
140.6 0.383334 0.616666 
140.7 0.383334 0.616666 
140.8 0.383334 0.616666 
140.9 0.383334 0.616666 
141 0.383334 0.616666 
141.1 0.383334 0.616666 
141.2 0.383334 0.616666 
141.3 0.383334 0.616666 
141.4 0.383334 0.616666 
141.5 0.383334 0.616666 
141.6 0.383334 0.616666 
141.7 0.383334 0.616666 
141.8 0.383334 0.616666 
141.9 0.383334 0.616666 
142 0.383334 0.616666 
142.1 0.383334 0.616666 
142.2 0.383334 0.616666 
142.3 0.383334 0.616666 
142.4 0.383334 0.616666 
142.5 0.383334 0.616666 
142.6 0.383334 0.616666 
142.7 0.383334 0.616666 
142.8 0.383334 0.616666 
142.9 0.383334 0.616666 
143 0.383334 0.616666 
143.1 0.383334 0.616666 
143.2 0.383334 0.616666 
143.3 0.383334 0.616666 
143.4 0.383334 0.616666 
143.5 0.383334 0.616666 
143.6 0.383334 0.616666 
143.7 0.383334 0.616666 
143.8 0.383334 0.616666 
143.9 0.383334 0.616666 
144 0.383334 0.616666 
144.1 0.383334 0.616666 
144.2 0.383334 0.616666 
144.3 0.383334 0.616666 
144.4 0.383334 0.616666 
144.5 0.383334 0.616666 
144.6 0.383334 0.616666 
144.7 0.383334 0.616666 
144.8 0.383334 0.616666 
144.9 0.383334 0.616666 
145 0.383334 0.616666 
145.1 0.383334 0.616666 
145.2 0.383334 0.616666 
145.3 0.383334 0.616666 
145.4 0.383334 0.616666 
145.5 0.383334 0.616666 
145.6 0.383334 0.616666 
145.7 0.383334 0.616666 
145.8 0.383334 0.616666 
145.9 0.383334 0.616666 
146 0.383334 0.616666 
146.1 0.383334 0.616666 
146.2 0.383334 0.616666 
146.3 0.383334 0.616666 
146.4 0.383334 0.616666 
146.5 0.383334 0.616666 
146.6 0.383334 0.616666 
146.7 0.383334 0.616666 
146.8 0.383334 0.616666 
146.9 0.383334 0.616666 
147 0.383334 0.616666 
147.1 0.383334 0.616666 
147.2 0.383334 0.616666 
147.3 0.383334 0.616666 
147.4 0.383334 0.616666 
147.5 0.383334 0.616666 
147.6 0.383334 0.616666 
147.7 0.383334 0.616666 
147.8 0.383334 0.616666 
147.9 0.383334 0.616666 
148 0.383334 0.616666 
148.1 0.383334 0.616666 
148.2 0.383334 0.616666 
148.3 0.383334 0.616666 
148.4 0.383334 0.616666 
148.5 0.383334 0.616666 
148.6 0.383334 0.616666 
148.7 0.383334 0.616666 
148.8 0.383334 0.616666 
148.9 0.383334 0.616666 
149 0.383334 0.616666 
149.1 0.383334 0.616666 
149.2 0.383334 0.616666 
149.3 0.383334 0.616666 
149.4 0.383334 0.616666 
149.5 0.383334 0.616666 
149.6 0.383334 0.616666 
149.7 0.383334 0.616666 
149.8 0.383334 0.616666 
149.9 0.383334 0.616666 
150 0.383334 0.616666 
150.1 0.383334 0.616666 
150.2 0.383334 0.616666 
150.3 0.383334 0.616666 
150.4 0.383334 0.616666 
150.5 0.383334 0.616666 
150.6 0.383334 0.616666 
150.7 0.383334 0.616666 
150.8 0.383334 0.616666 
150.9 0.383334 0.616666 
151 0.383334 0.616666 
151.1 0.383334 0.616666 
151.2 0.383334 0.616666 
151.3 0.383334 0.616666 
151.4 0.383334 0.616666 
151.5 0.383334 0.616666 
151.6 0.383334 0.616666 
151.7 0.383334 0.616666 
151.8 0.383334 0.616666 
151.9 0.383334 0.616666 
152 0.383334 0.616666 
152.1 0.383334 0.616666 
152.2 0.383334 0.616666 
152.3 0.383334 0.616666 
152.4 0.383334 0.616666 
152.5 0.383334 0.616666 
152.6 0.383334 0.616666 
152.7 0.383334 0.616666 
152.8 0.383334 0.616666 
152.9 0.383334 0.616666 
153 0.383334 0.616666 
153.1 0.383334 0.616666 
153.2 0.383334 0.616666 
153.3 0.383334 0.616666 
153.4 0.383334 0.616666 
153.5 0.383334 0.616666 
153.6 0.383334 0.616666 
153.7 0.383334 0.616666 
153.8 0.383334 0.616666 
153.9 0.383334 0.616666 
154 0.383334 0.616666 
154.1 0.383334 0.616666 
154.2 0.383334 0.616666 
154.3 0.383334 0.616666 
154.4 0.383334 0.616666 
154.5 0.383334 0.616666 
154.6 0.383334 0.616666 
154.7 0.383334 0.616666 
154.8 0.383334 0.616666 
154.9 0.383334 0.616666 
155 0.383334 0.616666 
155.1 0.383334 0.616666 
155.2 0.383334 0.616666 
155.3 0.383334 0.616666 
155.4 0.383334 0.616666 
155.5 0.383334 0.616666 
155.6 0.383334 0.616666 
155.7 0.383334 0.616666 
155.8 0.383334 0.616666 
155.9 0.383334 0.616666 
156 0.383333 0.616667 
156.1 0.383333 0.616667 
156.2 0.383333 0.616667 
156.3 0.383333 0.616667 
156.4 0.383333 0.616667 
156.5 0.383333 0.616667 
156.6 0.383333 0.616667 
156.7 0.383333 0.616667 
156.8 0.383333 0.616667 
156.9 0.383333 0.616667 
157 0.383333 0.616667 
157.1 0.383333 0.616667 
157.2 0.383333 0.616667 
157.3 0.383333 0.616667 
157.4 0.383333 0.616667 
157.5 0.383333 0.616667 
157.6 0.383333 0.616667 
157.7 0.383333 0.616667 
157.8 0.383333 0.616667 
157.9 0.383333 0.616667 
158 0.383333 0.616667 
158.1 0.383333 0.616667 
158.2 0.383333 0.616667 
158.3 0.383333 0.616667 
158.4 0.383333 0.616667 
158.5 0.383333 0.616667 
158.6 0.383333 0.616667 
158.7 0.383333 0.616667 
158.8 0.383333 0.616667 
158.9 0.383333 0.616667 
159 0.383333 0.616667 
159.1 0.383333 0.616667 
159.2 0.383333 0.616667 
159.3 0.383333 0.616667 
159.4 0.383333 0.616667 
159.5 0.383333 0.616667 
159.6 0.383333 0.616667 
159.7 0.383333 0.616667 
159.8 0.383333 0.616667 
159.9 0.383333 0.616667 
160 0.383333 0.616667 
160.1 0.383333 0.616667 
160.2 0.383333 0.616667 
160.3 0.383333 0.616667 
160.4 0.383333 0.616667 
160.5 0.383333 0.616667 
160.6 0.383333 0.616667 
160.7 0.383333 0.616667 
160.8 0.383333 0.616667 
160.9 0.383333 0.616667 
161 0.383333 0.616667 
161.1 0.383333 0.616667 
161.2 0.383333 0.616667 
161.3 0.383333 0.616667 
161.4 0.383333 0.616667 
161.5 0.383333 0.616667 
161.6 0.383333 0.616667 
161.7 0.383333 0.616667 
161.8 0.383333 0.616667 
161.9 0.383333 0.616667 
162 0.383333 0.616667 
162.1 0.383333 0.616667 
162.2 0.383333 0.616667 
162.3 0.383333 0.616667 
162.4 0.383333 0.616667 
162.5 0.383333 0.616667 
162.6 0.383333 0.616667 
162.7 0.383333 0.616667 
162.8 0.383333 0.616667 
162.9 0.383333 0.616667 
163 0.383333 0.616667 
163.1 0.383333 0.616667 
163.2 0.383333 0.616667 
163.3 0.383333 0.616667 
163.4 0.383333 0.616667 
163.5 0.383333 0.616667 
163.6 0.383333 0.616667 
163.7 0.383333 0.616667 
163.8 0.383333 0.616667 
163.9 0.383333 0.616667 
164 0.383333 0.616667 
164.1 0.383333 0.616667 
164.2 0.383333 0.616667 
164.3 0.383333 0.616667 
164.4 0.383333 0.616667 
164.5 0.383333 0.616667 
164.6 0.383333 0.616667 
164.7 0.383333 0.616667 
164.8 0.383333 0.616667 
164.9 0.383333 0.616667 
165 0.383333 0.616667 
165.1 0.383333 0.616667 
165.2 0.383333 0.616667 
165.3 0.383333 0.616667 
165.4 0.383333 0.616667 
165.5 0.383333 0.616667 
165.6 0.383333 0.616667 
165.7 0.383333 0.616667 
165.8 0.383333 0.616667 
165.9 0.383333 0.616667 
166 0.383333 0.616667 
166.1 0.383333 0.616667 
166.2 0.383333 0.616667 
166.3 0.383333 0.616667 
166.4 0.383333 0.616667 
166.5 0.383333 0.616667 
166.6 0.383333 0.616667 
166.7 0.383333 0.616667 
166.8 0.383333 0.616667 
166.9 0.383333 0.616667 
167 0.383333 0.616667 
167.1 0.383333 0.616667 
167.2 0.383333 0.616667 
167.3 0.383333 0.616667 
167.4 0.383333 0.616667 
167.5 0.383333 0.616667 
167.6 0.383333 0.616667 
167.7 0.383333 0.616667 
167.8 0.383333 0.616667 
167.9 0.383333 0.616667 
168 0.383333 0.616667 
168.1 0.383333 0.616667 
168.2 0.383333 0.616667 
168.3 0.383333 0.616667 
168.4 0.383333 0.616667 
168.5 0.383333 0.616667 
168.6 0.383333 0.616667 
168.7 0.383333 0.616667 
168.8 0.383333 0.616667 
168.9 0.383333 0.616667 
169 0.383333 0.616667 
169.1 0.383333 0.616667 
169.2 0.383333 0.616667 
169.3 0.383333 0.616667 
169.4 0.383333 0.616667 
169.5 0.383333 0.616667 
169.6 0.383333 0.616667 
169.7 0.383333 0.616667 
169.8 0.383333 0.616667 
169.9 0.383333 0.616667 
170 0.383333 0.616667 
170.1 0.383333 0.616667 
170.2 0.383333 0.616667 
170.3 0.383333 0.616667 
170.4 0.383333 0.616667 
170.5 0.383333 0.616667 
170.6 0.383333 0.616667 
170.7 0.383333 0.616667 
170.8 0.383333 0.616667 
170.9 0.383333 0.616667 
171 0.383333 0.616667 
171.1 0.383333 0.616667 
171.2 0.383333 0.616667 
171.3 0.383333 0.616667 
171.4 0.383333 0.616667 
171.5 0.383333 0.616667 
171.6 0.383333 0.616667 
171.7 0.383333 0.616667 
171.8 0.383333 0.616667 
171.9 0.383333 0.616667 
172 0.383333 0.616667 
172.1 0.383333 0.616667 
172.2 0.383333 0.616667 
172.3 0.383333 0.616667 
172.4 0.383333 0.616667 
172.5 0.383333 0.616667 
172.6 0.383333 0.616667 
172.7 0.383333 0.616667 
172.8 0.383333 0.616667 
172.9 0.383333 0.616667 
173 0.383333 0.616667 
173.1 0.383333 0.616667 
173.2 0.383333 0.616667 
173.3 0.383333 0.616667 
173.4 0.383333 0.616667 
173.5 0.383333 0.616667 
173.6 0.383333 0.616667 
173.7 0.383333 0.616667 
173.8 0.383333 0.616667 
173.9 0.383333 0.616667 
174 0.383333 0.616667 
174.1 0.383333 0.616667 
174.2 0.383333 0.616667 
174.3 0.383333 0.616667 
174.4 0.383333 0.616667 
174.5 0.383333 0.616667 
174.6 0.383333 0.616667 
174.7 0.383333 0.616667 
174.8 0.383333 0.616667 
174.9 0.383333 0.616667 
175 0.383333 0.616667 
175.1 0.383333 0.616667 
175.2 0.383333 0.616667 
175.3 0.383333 0.616667 
175.4 0.383333 0.616667 
175.5 0.383333 0.616667 
175.6 0.383333 0.616667 
175.7 0.383333 0.616667 
175.8 0.383333 0.616667 
175.9 0.383333 0.616667 
176 0.383333 0.616667 
176.1 0.383333 0.616667 
176.2 0.383333 0.616667 
176.3 0.383333 0.616667 
176.4 0.383333 0.616667 
176.5 0.383333 0.616667 
176.6 0.383333 0.616667 
176.7 0.383333 0.616667 
176.8 0.383333 0.616667 
176.9 0.383333 0.616667 
177 0.383333 0.616667 
177.1 0.383333 0.616667 
177.2 0.383333 0.616667 
177.3 0.383333 0.616667 
177.4 0.383333 0.616667 
177.5 0.383333 0.616667 
177.6 0.383333 0.616667 
177.7 0.383333 0.616667 
177.8 0.383333 0.616667 
177.9 0.383333 0.616667 
178 0.383333 0.616667 
178.1 0.383333 0.616667 
178.2 0.383333 0.616667 
178.3 0.383333 0.616667 
178.4 0.383333 0.616667 
178.5 0.383333 0.616667 
178.6 0.383333 0.616667 
178.7 0.383333 0.616667 
178.8 0.383333 0.616667 
178.9 0.383333 0.616667 
179 0.383333 0.616667 
179.1 0.383333 0.616667 
179.2 0.383333 0.616667 
179.3 0.383333 0.616667 
179.4 0.383333 0.616667 
179.5 0.383333 0.616667 
179.6 0.383333 0.616667 
179.7 0.383333 0.616667 
179.8 0.383333 0.616667 
179.9 0.383333 0.616667 
180 0.383333 0.616667 
180.1 0.383333 0.616667 
180.2 0.383333 0.616667 
180.3 0.383333 0.616667 
180.4 0.383333 0.616667 
180.5 0.383333 0.616667 
180.6 0.383333 0.616667 
180.7 0.383333 0.616667 
180.8 0.383333 0.616667 
180.9 0.383333 0.616667 
181 0.383333 0.616667 
181.1 0.383333 0.616667 
181.2 0.383333 0.616667 
181.3 0.383333 0.616667 
181.4 0.383333 0.616667 
181.5 0.383333 0.616667 
181.6 0.383333 0.616667 
181.7 0.383333 0.616667 
181.8 0.383333 0.616667 
181.9 0.383333 0.616667 
182 0.383333 0.616667 
182.1 0.383333 0.616667 
182.2 0.383333 0.616667 
182.3 0.383333 0.616667 
182.4 0.383333 0.616667 
182.5 0.383333 0.616667 
182.6 0.383333 0.616667 
182.7 0.383333 0.616667 
182.8 0.383333 0.616667 
182.9 0.383333 0.616667 
183 0.383333 0.616667 
183.1 0.383333 0.616667 
183.2 0.383333 0.616667 
183.3 0.383333 0.616667 
183.4 0.383333 0.616667 
183.5 0.383333 0.616667 
183.6 0.383333 0.616667 
183.7 0.383333 0.616667 
183.8 0.383333 0.616667 
183.9 0.383333 0.616667 
184 0.383333 0.616667 
184.1 0.383333 0.616667 
184.2 0.383333 0.616667 
184.3 0.383333 0.616667 
184.4 0.383333 0.616667 
184.5 0.383333 0.616667 
184.6 0.383333 0.616667 
184.7 0.383333 0.616667 
184.8 0.383333 0.616667 
184.9 0.383333 0.616667 
185 0.383333 0.616667 
185.1 0.383333 0.616667 
185.2 0.383333 0.616667 
185.3 0.383333 0.616667 
185.4 0.383333 0.616667 
185.5 0.383333 0.616667 
185.6 0.383333 0.616667 
185.7 0.383333 0.616667 
185.8 0.383333 0.616667 
185.9 0.383333 0.616667 
186 0.383333 0.616667 
186.1 0.383333 0.616667 
186.2 0.383333 0.616667 
186.3 0.383333 0.616667 
186.4 0.383333 0.616667 
186.5 0.383333 0.616667 
186.6 0.383333 0.616667 
186.7 0.383333 0.616667 
186.8 0.383333 0.616667 
186.9 0.383333 0.616667 
187 0.383333 0.616667 
187.1 0.383333 0.616667 
187.2 0.383333 0.616667 
187.3 0.383333 0.616667 
187.4 0.383333 0.616667 
187.5 0.383333 0.616667 
187.6 0.383333 0.616667 
187.7 0.383333 0.616667 
187.8 0.383333 0.616667 
187.9 0.383333 0.616667 
188 0.383333 0.616667 
188.1 0.383333 0.616667 
188.2 0.383333 0.616667 
188.3 0.383333 0.616667 
188.4 0.383333 0.616667 
188.5 0.383333 0.616667 
188.6 0.383333 0.616667 
188.7 0.383333 0.616667 
188.8 0.383333 0.616667 
188.9 0.383333 0.616667 
189 0.383333 0.616667 
189.1 0.383333 0.616667 
189.2 0.383333 0.616667 
189.3 0.383333 0.616667 
189.4 0.383333 0.616667 
189.5 0.383333 0.616667 
189.6 0.383333 0.616667 
189.7 0.383333 0.616667 
189.8 0.383333 0.616667 
189.9 0.383333 0.616667 
190 0.383333 0.616667 
190.1 0.383333 0.616667 
190.2 0.383333 0.616667 
190.3 0.383333 0.616667 
190.4 0.383333 0.616667 
190.5 0.383333 0.616667 
190.6 0.383333 0.616667 
190.7 0.383333 0.616667 
190.8 0.383333 0.616667 
190.9 0.383333 0.616667 
191 0.383333 0.616667 
191.1 0.383333 0.616667 
191.2 0.383333 0.616667 
191.3 0.383333 0.616667 
191.4 0.383333 0.616667 
191.5 0.383333 0.616667 
191.6 0.383333 0.616667 
191.7 0.383333 0.616667 
191.8 0.383333 0.616667 
191.9 0.383333 0.616667 
192 0.383333 0.616667 
192.1 0.383333 0.616667 
192.2 0.383333 0.616667 
192.3 0.383333 0.616667 
192.4 0.383333 0.616667 
192.5 0.383333 0.616667 
192.6 0.383333 0.616667 
192.7 0.383333 0.616667 
192.8 0.383333 0.616667 
192.9 0.383333 0.616667 
193 0.383333 0.616667 
193.1 0.383333 0.616667 
193.2 0.383333 0.616667 
193.3 0.383333 0.616667 
193.4 0.383333 0.616667 
193.5 0.383333 0.616667 
193.6 0.383333 0.616667 
193.7 0.383333 0.616667 
193.8 0.383333 0.616667 
193.9 0.383333 0.616667 
194 0.383333 0.616667 
194.1 0.383333 0.616667 
194.2 0.383333 0.616667 
194.3 0.383333 0.616667 
194.4 0.383333 0.616667 
194.5 0.383333 0.616667 
194.6 0.383333 0.616667 
194.7 0.383333 0.616667 
194.8 0.383333 0.616667 
194.9 0.383333 0.616667 
195 0.383333 0.616667 
195.1 0.383333 0.616667 
195.2 0.383333 0.616667 
195.3 0.383333 0.616667 
195.4 0.383333 0.616667 
195.5 0.383333 0.616667 
195.6 0.383333 0.616667 
195.7 0.383333 0.616667 
195.8 0.383333 0.616667 
195.9 0.383333 0.616667 
196 0.383333 0.616667 
196.1 0.383333 0.616667 
196.2 0.383333 0.616667 
196.3 0.383333 0.616667 
196.4 0.383333 0.616667 
196.5 0.383333 0.616667 
196.6 0.383333 0.616667 
196.7 0.383333 0.616667 
196.8 0.383333 0.616667 
196.9 0.383333 0.616667 
197 0.383333 0.616667 
197.1 0.383333 0.616667 
197.2 0.383333 0.616667 
197.3 0.383333 0.616667 
197.4 0.383333 0.616667 
197.5 0.383333 0.616667 
197.6 0.383333 0.616667 
197.7 0.383333 0.616667 
197.8 0.383333 0.616667 
197.9 0.383333 0.616667 
198 0.383333 0.616667 
198.1 0.383333 0.616667 
198.2 0.383333 0.616667 
198.3 0.383333 0.616667 
198.4 0.383333 0.616667 
198.5 0.383333 0.616667 
198.6 0.383333 0.616667 
198.7 0.383333 0.616667 
198.8 0.383333 0.616667 
198.9 0.383333 0.616667 
199 0.383333 0.616667 
199.1 0.383333 0.616667 
199.2 0.383333 0.616667 
199.3 0.383333 0.616667 
199.4 0.383333 0.616667 
199.5 0.383333 0.616667 
199.6 0.383333 0.616667 
199.7 0.383333 0.616667 
199.8 0.383333 0.616667 
199.9 0.383333 0.616667 
200 0.383333 0.616667 
200.1 0.383333 0.616667 
200.2 0.383333 0.616667 
200.3 0.383333 0.616667 
200.4 0.383333 0.616667 
200.5 0.383333 0.616667 
200.6 0.383333 0.616667 
200.7 0.383333 0.616667 
200.8 0.383333 0.616667 
200.9 0.383333 0.616667 
201 0.383333 0.616667 
201.1 0.383333 0.616667 
201.2 0.383333 0.616667 
201.3 0.383333 0.616667 
201.4 0.383333 0.616667 
201.5 0.383333 0.616667 
201.6 0.383333 0.616667 
201.7 0.383333 0.616667 
201.8 0.383333 0.616667 
201.9 0.383333 0.616667 
202 0.383333 0.616667 
202.1 0.383333 0.616667 
202.2 0.383333 0.616667 
202.3 0.383333 0.616667 
202.4 0.383333 0.616667 
202.5 0.383333 0.616667 
202.6 0.383333 0.616667 
202.7 0.383333 0.616667 
202.8 0.383333 0.616667 
202.9 0.383333 0.616667 
203 0.383333 0.616667 
203.1 0.383333 0.616667 
203.2 0.383333 0.616667 
203.3 0.383333 0.616667 
203.4 0.383333 0.616667 
203.5 0.383333 0.616667 
203.6 0.383333 0.616667 
203.7 0.383333 0.616667 
203.8 0.383333 0.616667 
203.9 0.383333 0.616667 
204 0.383333 0.616667 
204.1 0.383333 0.616667 
204.2 0.383333 0.616667 
204.3 0.383333 0.616667 
204.4 0.383333 0.616667 
204.5 0.383333 0.616667 
204.6 0.383333 0.616667 
204.7 0.383333 0.616667 
204.8 0.383333 0.616667 
204.9 0.383333 0.616667 
205 0.383333 0.616667 
205.1 0.383333 0.616667 
205.2 0.383333 0.616667 
205.3 0.383333 0.616667 
205.4 0.383333 0.616667 
205.5 0.383333 0.616667 
205.6 0.383333 0.616667 
205.7 0.383333 0.616667 
205.8 0.383333 0.616667 
205.9 0.383333 0.616667 
206 0.383333 0.616667 
206.1 0.383333 0.616667 
206.2 0.383333 0.616667 
206.3 0.383333 0.616667 
206.4 0.383333 0.616667 
206.5 0.383333 0.616667 
206.6 0.383333 0.616667 
206.7 0.383333 0.616667 
206.8 0.383333 0.616667 
206.9 0.383333 0.616667 
207 0.383333 0.616667 
207.1 0.383333 0.616667 
207.2 0.383333 0.616667 
207.3 0.383333 0.616667 
207.4 0.383333 0.616667 
207.5 0.383333 0.616667 
207.6 0.383333 0.616667 
207.7 0.383333 0.616667 
207.8 0.383333 0.616667 
207.9 0.383333 0.616667 
208 0.383333 0.616667 
208.1 0.383333 0.616667 
208.2 0.383333 0.616667 
208.3 0.383333 0.616667 
208.4 0.383333 0.616667 
208.5 0.383333 0.616667 
208.6 0.383333 0.616667 
208.7 0.383333 0.616667 
208.8 0.383333 0.616667 
208.9 0.383333 0.616667 
209 0.383333 0.616667 
209.1 0.383333 0.616667 
209.2 0.383333 0.616667 
209.3 0.383333 0.616667 
209.4 0.383333 0.616667 
209.5 0.383333 0.616667 
209.6 0.383333 0.616667 
209.7 0.383333 0.616667 
209.8 0.383333 0.616667 
209.9 0.383333 0.616667 
210 0.383333 0.616667 
210.1 0.383333 0.616667 
210.2 0.383333 0.616667 
210.3 0.383333 0.616667 
210.4 0.383333 0.616667 
210.5 0.383333 0.616667 
210.6 0.383333 0.616667 
210.7 0.383333 0.616667 
210.8 0.383333 0.616667 
210.9 0.383333 0.616667 
211 0.383333 0.616667 
211.1 0.383333 0.616667 
211.2 0.383333 0.616667 
211.3 0.383333 0.616667 
211.4 0.383333 0.616667 
211.5 0.383333 0.616667 
211.6 0.383333 0.616667 
211.7 0.383333 0.616667 
211.8 0.383333 0.616667 
211.9 0.383333 0.616667 
212 0.383333 0.616667 
212.1 0.383333 0.616667 
212.2 0.383333 0.616667 
212.3 0.383333 0.616667 
212.4 0.383333 0.616667 
212.5 0.383333 0.616667 
212.6 0.383333 0.616667 
212.7 0.383333 0.616667 
212.8 0.383333 0.616667 
212.9 0.383333 0.616667 
213 0.383333 0.616667 
213.1 0.383333 0.616667 
213.2 0.383333 0.616667 
213.3 0.383333 0.616667 
213.4 0.383333 0.616667 
213.5 0.383333 0.616667 
213.6 0.383333 0.616667 
213.7 0.383333 0.616667 
213.8 0.383333 0.616667 
213.9 0.383333 0.616667 
214 0.383333 0.616667 
214.1 0.383333 0.616667 
214.2 0.383333 0.616667 
214.3 0.383333 0.616667 
214.4 0.383333 0.616667 
214.5 0.383333 0.616667 
214.6 0.383333 0.616667 
214.7 0.383333 0.616667 
214.8 0.383333 0.616667 
214.9 0.383333 0.616667 
215 0.383333 0.616667 
215.1 0.383333 0.616667 
215.2 0.383333 0.616667 
215.3 0.383333 0.616667 
215.4 0.383333 0.616667 
215.5 0.383333 0.616667 
215.6 0.383333 0.616667 
215.7 0.383333 0.616667 
215.8 0.383333 0.616667 
215.9 0.383333 0.616667 
216 0.383333 0.616667 
216.1 0.383333 0.616667 
216.2 0.383333 0.616667 
216.3 0.383333 0.616667 
216.4 0.383333 0.616667 
216.5 0.383333 0.616667 
216.6 0.383333 0.616667 
216.7 0.383333 0.616667 
216.8 0.383333 0.616667 
216.9 0.383333 0.616667 
217 0.383333 0.616667 
217.1 0.383333 0.616667 
217.2 0.383333 0.616667 
217.3 0.383333 0.616667 
217.4 0.383333 0.616667 
217.5 0.383333 0.616667 
217.6 0.383333 0.616667 
217.7 0.383333 0.616667 
217.8 0.383333 0.616667 
217.9 0.383333 0.616667 
218 0.383333 0.616667 
218.1 0.383333 0.616667 
218.2 0.383333 0.616667 
218.3 0.383333 0.616667 
218.4 0.383333 0.616667 
218.5 0.383333 0.616667 
218.6 0.383333 0.616667 
218.7 0.383333 0.616667 
218.8 0.383333 0.616667 
218.9 0.383333 0.616667 
219 0.383333 0.616667 
219.1 0.383333 0.616667 
219.2 0.383333 0.616667 
219.3 0.383333 0.616667 
219.4 0.383333 0.616667 
219.5 0.383333 0.616667 
219.6 0.383333 0.616667 
219.7 0.383333 0.616667 
219.8 0.383333 0.616667 
219.9 0.383333 0.616667 
220 0.383333 0.616667 
220.1 0.383333 0.616667 
220.2 0.383333 0.616667 
220.3 0.383333 0.616667 
220.4 0.383333 0.616667 
220.5 0.383333 0.616667 
220.6 0.383333 0.616667 
220.7 0.383333 0.616667 
220.8 0.383333 0.616667 
220.9 0.383333 0.616667 
221 0.383333 0.616667 
221.1 0.383333 0.616667 
221.2 0.383333 0.616667 
221.3 0.383333 0.616667 
221.4 0.383333 0.616667 
221.5 0.383333 0.616667 
221.6 0.383333 0.616667 
221.7 0.383333 0.616667 
221.8 0.383333 0.616667 
221.9 0.383333 0.616667 
222 0.383333 0.616667 
222.1 0.383333 0.616667 
222.2 0.383333 0.616667 
222.3 0.383333 0.616667 
222.4 0.383333 0.616667 
222.5 0.383333 0.616667 
222.6 0.383333 0.616667 
222.7 0.383333 0.616667 
222.8 0.383333 0.616667 
222.9 0.383333 0.616667 
223 0.383333 0.616667 
223.1 0.383333 0.616667 
223.2 0.383333 0.616667 
223.3 0.383333 0.616667 
223.4 0.383333 0.616667 
223.5 0.383333 0.616667 
223.6 0.383333 0.616667 
223.7 0.383333 0.616667 
223.8 0.383333 0.616667 
223.9 0.383333 0.616667 
224 0.383333 0.616667 
224.1 0.383333 0.616667 
224.2 0.383333 0.616667 
224.3 0.383333 0.616667 
224.4 0.383333 0.616667 
224.5 0.383333 0.616667 
224.6 0.383333 0.616667 
224.7 0.383333 0.616667 
224.8 0.383333 0.616667 
224.9 0.383333 0.616667 
225 0.383333 0.616667 
225.1 0.383333 0.616667 
225.2 0.383333 0.616667 
225.3 0.383333 0.616667 
225.4 0.383333 0.616667 
225.5 0.383333 0.616667 
225.6 0.383333 0.616667 
225.7 0.383333 0.616667 
225.8 0.383333 0.616667 
225.9 0.383333 0.616667 
226 0.383333 0.616667 
226.1 0.383333 0.616667 
226.2 0.383333 0.616667 
226.3 0.383333 0.616667 
226.4 0.383333 0.616667 
226.5 0.383333 0.616667 
226.6 0.383333 0.616667 
226.7 0.383333 0.616667 
226.8 0.383333 0.616667 
226.9 0.383333 0.616667 
227 0.383333 0.616667 
227.1 0.383333 0.616667 
227.2 0.383333 0.616667 
227.3 0.383333 0.616667 
227.4 0.383333 0.616667 
227.5 0.383333 0.616667 
227.6 0.383333 0.616667 
227.7 0.383333 0.616667 
227.8 0.383333 0.616667 
227.9 0.383333 0.616667 
228 0.383333 0.616667 
228.1 0.383333 0.616667 
228.2 0.383333 0.616667 
228.3 0.383333 0.616667 
228.4 0.383333 0.616667 
228.5 0.383333 0.616667 
228.6 0.383333 0.616667 
228.7 0.383333 0.616667 
228.8 0.383333 0.616667 
228.9 0.383333 0.616667 
229 0.383333 0.616667 
229.1 0.383333 0.616667 
229.2 0.383333 0.616667 
229.3 0.383333 0.616667 
229.4 0.383333 0.616667 
229.5 0.383333 0.616667 
229.6 0.383333 0.616667 
229.7 0.383333 0.616667 
229.8 0.383333 0.616667 
229.9 0.383333 0.616667 
230 0.383333 0.616667 
230.1 0.383333 0.616667 
230.2 0.383333 0.616667 
230.3 0.383333 0.616667 
230.4 0.383333 0.616667 
230.5 0.383333 0.616667 
230.6 0.383333 0.616667 
230.7 0.383333 0.616667 
230.8 0.383333 0.616667 
230.9 0.383333 0.616667 
231 0.383333 0.616667 
231.1 0.383333 0.616667 
231.2 0.383333 0.616667 
231.3 0.383333 0.616667 
231.4 0.383333 0.616667 
231.5 0.383333 0.616667 
231.6 0.383333 0.616667 
231.7 0.383333 0.616667 
231.8 0.383333 0.616667 
231.9 0.383333 0.616667 
232 0.383333 0.616667 
232.1 0.383333 0.616667 
232.2 0.383333 0.616667 
232.3 0.383333 0.616667 
232.4 0.383333 0.616667 
232.5 0.383333 0.616667 
232.6 0.383333 0.616667 
232.7 0.383333 0.616667 
232.8 0.383333 0.616667 
232.9 0.383333 0.616667 
233 0.383333 0.616667 
233.1 0.383333 0.616667 
233.2 0.383333 0.616667 
233.3 0.383333 0.616667 
233.4 0.383333 0.616667 
233.5 0.383333 0.616667 
233.6 0.383333 0.616667 
233.7 0.383333 0.616667 
233.8 0.383333 0.616667 
233.9 0.383333 0.616667 
234 0.383333 0.616667 
234.1 0.383333 0.616667 
234.2 0.383333 0.616667 
234.3 0.383333 0.616667 
234.4 0.383333 0.616667 
234.5 0.383333 0.616667 
234.6 0.383333 0.616667 
234.7 0.383333 0.616667 
234.8 0.383333 0.616667 
234.9 0.383333 0.616667 
235 0.383333 0.616667 
235.1 0.383333 0.616667 
235.2 0.383333 0.616667 
235.3 0.383333 0.616667 
235.4 0.383333 0.616667 
235.5 0.383333 0.616667 
235.6 0.383333 0.616667 
235.7 0.383333 0.616667 
235.8 0.383333 0.616667 
235.9 0.383333 0.616667 
236 0.383333 0.616667 
236.1 0.383333 0.616667 
236.2 0.383333 0.616667 
236.3 0.383333 0.616667 
236.4 0.383333 0.616667 
236.5 0.383333 0.616667 
236.6 0.383333 0.616667 
236.7 0.383333 0.616667 
236.8 0.383333 0.616667 
236.9 0.383333 0.616667 
237 0.383333 0.616667 
237.1 0.383333 0.616667 
237.2 0.383333 0.616667 
237.3 0.383333 0.616667 
237.4 0.383333 0.616667 
237.5 0.383333 0.616667 
237.6 0.383333 0.616667 
237.7 0.383333 0.616667 
237.8 0.383333 0.616667 
237.9 0.383333 0.616667 
238 0.383333 0.616667 
238.1 0.383333 0.616667 
238.2 0.383333 0.616667 
238.3 0.383333 0.616667 
238.4 0.383333 0.616667 
238.5 0.383333 0.616667 
238.6 0.383333 0.616667 
238.7 0.383333 0.616667 
238.8 0.383333 0.616667 
238.9 0.383333 0.616667 
239 0.383333 0.616667 
239.1 0.383333 0.616667 
239.2 0.383333 0.616667 
239.3 0.383333 0.616667 
239.4 0.383333 0.616667 
239.5 0.383333 0.616667 
239.6 0.383333 0.616667 
239.7 0.383333 0.616667 
239.8 0.383333 0.616667 
239.9 0.383333 0.616667 
240 0.383333 0.616667 
240.1 0.383333 0.616667 
240.2 0.383333 0.616667 
240.3 0.383333 0.616667 
240.4 0.383333 0.616667 
240.5 0.383333 0.616667 
240.6 0.383333 0.616667 
240.7 0.383333 0.616667 
240.8 0.383333 0.616667 
240.9 0.383333 0.616667 
241 0.383333 0.616667 
241.1 0.383333 0.616667 
241.2 0.383333 0.616667 
241.3 0.383333 0.616667 
241.4 0.383333 0.616667 
241.5 0.383333 0.616667 
241.6 0.383333 0.616667 
241.7 0.383333 0.616667 
241.8 0.383333 0.616667 
241.9 0.383333 0.616667 
242 0.383333 0.616667 
242.1 0.383333 0.616667 
242.2 0.383333 0.616667 
242.3 0.383333 0.616667 
242.4 0.383333 0.616667 
242.5 0.383333 0.616667 
242.6 0.383333 0.616667 
242.7 0.383333 0.616667 
242.8 0.383333 0.616667 
242.9 0.383333 0.616667 
243 0.383333 0.616667 
243.1 0.383333 0.616667 
243.2 0.383333 0.616667 
243.3 0.383333 0.616667 
243.4 0.383333 0.616667 
243.5 0.383333 0.616667 
243.6 0.383333 0.616667 
243.7 0.383333 0.616667 
243.8 0.383333 0.616667 
243.9 0.383333 0.616667 
244 0.383333 0.616667 
244.1 0.383333 0.616667 
244.2 0.383333 0.616667 
244.3 0.383333 0.616667 
244.4 0.383333 0.616667 
244.5 0.383333 0.616667 
244.6 0.383333 0.616667 
244.7 0.383333 0.616667 
244.8 0.383333 0.616667 
244.9 0.383333 0.616667 
245 0.383333 0.616667 
245.1 0.383333 0.616667 
245.2 0.383333 0.616667 
245.3 0.383333 0.616667 
245.4 0.383333 0.616667 
245.5 0.383333 0.616667 
245.6 0.383333 0.616667 
245.7 0.383333 0.616667 
245.8 0.383333 0.616667 
245.9 0.383333 0.616667 
246 0.383333 0.616667 
246.1 0.383333 0.616667 
246.2 0.383333 0.616667 
246.3 0.383333 0.616667 
246.4 0.383333 0.616667 
246.5 0.383333 0.616667 
246.6 0.383333 0.616667 
246.7 0.383333 0.616667 
246.8 0.383333 0.616667 
246.9 0.383333 0.616667 
247 0.383333 0.616667 
247.1 0.383333 0.616667 
247.2 0.383333 0.616667 
247.3 0.383333 0.616667 
247.4 0.383333 0.616667 
247.5 0.383333 0.616667 
247.6 0.383333 0.616667 
247.7 0.383333 0.616667 
247.8 0.383333 0.616667 
247.9 0.383333 0.616667 
248 0.383333 0.616667 
248.1 0.383333 0.616667 
248.2 0.383333 0.616667 
248.3 0.383333 0.616667 
248.4 0.383333 0.616667 
248.5 0.383333 0.616667 
248.6 0.383333 0.616667 
248.7 0.383333 0.616667 
248.8 0.383333 0.616667 
248.9 0.383333 0.616667 
249 0.383333 0.616667 
249.1 0.383333 0.616667 
249.2 0.383333 0.616667 
249.3 0.383333 0.616667 
249.4 0.383333 0.616667 
249.5 0.383333 0.616667 
249.6 0.383333 0.616667 
249.7 0.383333 0.616667 
249.8 0.383333 0.616667 
249.9 0.383333 0.616667 
250 0.383333 0.616667 
250.1 0.383333 0.616667 
250.2 0.383333 0.616667 
250.3 0.383333 0.616667 
250.4 0.383333 0.616667 
250.5 0.383333 0.616667 
250.6 0.383333 0.616667 
250.7 0.383333 0.616667 
250.8 0.383333 0.616667 
250.9 0.383333 0.616667 
251 0.383333 0.616667 
251.1 0.383333 0.616667 
251.2 0.383333 0.616667 
251.3 0.383333 0.616667 
251.4 0.383333 0.616667 
251.5 0.383333 0.616667 
251.6 0.383333 0.616667 
251.7 0.383333 0.616667 
251.8 0.383333 0.616667 
251.9 0.383333 0.616667 
252 0.383333 0.616667 
252.1 0.383333 0.616667 
252.2 0.383333 0.616667 
252.3 0.383333 0.616667 
252.4 0.383333 0.616667 
252.5 0.383333 0.616667 
252.6 0.383333 0.616667 
252.7 0.383333 0.616667 
252.8 0.383333 0.616667 
252.9 0.383333 0.616667 
253 0.383333 0.616667 
253.1 0.383333 0.616667 
253.2 0.383333 0.616667 
253.3 0.383333 0.616667 
253.4 0.383333 0.616667 
253.5 0.383333 0.616667 
253.6 0.383333 0.616667 
253.7 0.383333 0.616667 
253.8 0.383333 0.616667 
253.9 0.383333 0.616667 
254 0.383333 0.616667 
254.1 0.383333 0.616667 
254.2 0.383333 0.616667 
254.3 0.383333 0.616667 
254.4 0.383333 0.616667 
254.5 0.383333 0.616667 
254.6 0.383333 0.616667 
254.7 0.383333 0.616667 
254.8 0.383333 0.616667 
254.9 0.383333 0.616667 
255 0.383333 0.616667 
255.1 0.383333 0.616667 
255.2 0.383333 0.616667 
255.3 0.383333 0.616667 
255.4 0.383333 0.616667 
255.5 0.383333 0.616667 
255.6 0.383333 0.616667 
255.7 0.383333 0.616667 
255.8 0.383333 0.616667 
255.9 0.383333 0.616667 
256 0.383333 0.616667 
256.1 0.383333 0.616667 
256.2 0.383333 0.616667 
256.3 0.383333 0.616667 
256.4 0.383333 0.616667 
256.5 0.383333 0.616667 
256.6 0.383333 0.616667 
256.7 0.383333 0.616667 
256.8 0.383333 0.616667 
256.9 0.383333 0.616667 
257 0.383333 0.616667 
257.1 0.383333 0.616667 
257.2 0.383333 0.616667 
257.3 0.383333 0.616667 
257.4 0.383333 0.616667 
257.5 0.383333 0.616667 
257.6 0.383333 0.616667 
257.7 0.383333 0.616667 
257.8 0.383333 0.616667 
257.9 0.383333 0.616667 
258 0.383333 0.616667 
258.1 0.383333 0.616667 
258.2 0.383333 0.616667 
258.3 0.383333 0.616667 
258.4 0.383333 0.616667 
258.5 0.383333 0.616667 
258.6 0.383333 0.616667 
258.7 0.383333 0.616667 
258.8 0.383333 0.616667 
258.9 0.383333 0.616667 
259 0.383333 0.616667 
259.1 0.383333 0.616667 
259.2 0.383333 0.616667 
259.3 0.383333 0.616667 
259.4 0.383333 0.616667 
259.5 0.383333 0.616667 
259.6 0.383333 0.616667 
259.7 0.383333 0.616667 
259.8 0.383333 0.616667 
259.9 0.383333 0.616667 
260 0.383333 0.616667 
260.1 0.383333 0.616667 
260.2 0.383333 0.616667 
260.3 0.383333 0.616667 
260.4 0.383333 0.616667 
260.5 0.383333 0.616667 
260.6 0.383333 0.616667 
260.7 0.383333 0.616667 
260.8 0.383333 0.616667 
260.9 0.383333 0.616667 
261 0.383333 0.616667 
261.1 0.383333 0.616667 
261.2 0.383333 0.616667 
261.3 0.383333 0.616667 
261.4 0.383333 0.616667 
261.5 0.383333 0.616667 
261.6 0.383333 0.616667 
261.7 0.383333 0.616667 
261.8 0.383333 0.616667 
261.9 0.383333 0.616667 
262 0.383333 0.616667 
262.1 0.383333 0.616667 
262.2 0.383333 0.616667 
262.3 0.383333 0.616667 
262.4 0.383333 0.616667 
262.5 0.383333 0.616667 
262.6 0.383333 0.616667 
262.7 0.383333 0.616667 
262.8 0.383333 0.616667 
262.9 0.383333 0.616667 
263 0.383333 0.616667 
263.1 0.383333 0.616667 
263.2 0.383333 0.616667 
263.3 0.383333 0.616667 
263.4 0.383333 0.616667 
263.5 0.383333 0.616667 
263.6 0.383333 0.616667 
263.7 0.383333 0.616667 
263.8 0.383333 0.616667 
263.9 0.383333 0.616667 
264 0.383333 0.616667 
264.1 0.383333 0.616667 
264.2 0.383333 0.616667 
264.3 0.383333 0.616667 
264.4 0.383333 0.616667 
264.5 0.383333 0.616667 
264.6 0.383333 0.616667 
264.7 0.383333 0.616667 
264.8 0.383333 0.616667 
264.9 0.383333 0.616667 
265 0.383333 0.616667 
265.1 0.383333 0.616667 
265.2 0.383333 0.616667 
265.3 0.383333 0.616667 
265.4 0.383333 0.616667 
265.5 0.383333 0.616667 
265.6 0.383333 0.616667 
265.7 0.383333 0.616667 
265.8 0.383333 0.616667 
265.9 0.383333 0.616667 
266 0.383333 0.616667 
266.1 0.383333 0.616667 
266.2 0.383333 0.616667 
266.3 0.383333 0.616667 
266.4 0.383333 0.616667 
266.5 0.383333 0.616667 
266.6 0.383333 0.616667 
266.7 0.383333 0.616667 
266.8 0.383333 0.616667 
266.9 0.383333 0.616667 
267 0.383333 0.616667 
267.1 0.383333 0.616667 
267.2 0.383333 0.616667 
267.3 0.383333 0.616667 
267.4 0.383333 0.616667 
267.5 0.383333 0.616667 
267.6 0.383333 0.616667 
267.7 0.383333 0.616667 
267.8 0.383333 0.616667 
267.9 0.383333 0.616667 
268 0.383333 0.616667 
268.1 0.383333 0.616667 
268.2 0.383333 0.616667 
268.3 0.383333 0.616667 
268.4 0.383333 0.616667 
268.5 0.383333 0.616667 
268.6 0.383333 0.616667 
268.7 0.383333 0.616667 
268.8 0.383333 0.616667 
268.9 0.383333 0.616667 
269 0.383333 0.616667 
269.1 0.383333 0.616667 
269.2 0.383333 0.616667 
269.3 0.383333 0.616667 
269.4 0.383333 0.616667 
269.5 0.383333 0.616667 
269.6 0.383333 0.616667 
269.7 0.383333 0.616667 
269.8 0.383333 0.616667 
269.9 0.383333 0.616667 
270 0.383333 0.616667 
270.1 0.383333 0.616667 
270.2 0.383333 0.616667 
270.3 0.383333 0.616667 
270.4 0.383333 0.616667 
270.5 0.383333 0.616667 
270.6 0.383333 0.616667 
270.7 0.383333 0.616667 
270.8 0.383333 0.616667 
270.9 0.383333 0.616667 
271 0.383333 0.616667 
271.1 0.383333 0.616667 
271.2 0.383333 0.616667 
271.3 0.383333 0.616667 
271.4 0.383333 0.616667 
271.5 0.383333 0.616667 
271.6 0.383333 0.616667 
271.7 0.383333 0.616667 
271.8 0.383333 0.616667 
271.9 0.383333 0.616667 
272 0.383333 0.616667 
272.1 0.383333 0.616667 
272.2 0.383333 0.616667 
272.3 0.383333 0.616667 
272.4 0.383333 0.616667 
272.5 0.383333 0.616667 
272.6 0.383333 0.616667 
272.7 0.383333 0.616667 
272.8 0.383333 0.616667 
272.9 0.383333 0.616667 
273 0.383333 0.616667 
273.1 0.383333 0.616667 
273.2 0.383333 0.616667 
273.3 0.383333 0.616667 
273.4 0.383333 0.616667 
273.5 0.383333 0.616667 
273.6 0.383333 0.616667 
273.7 0.383333 0.616667 
273.8 0.383333 0.616667 
273.9 0.383333 0.616667 
274 0.383333 0.616667 
274.1 0.383333 0.616667 
274.2 0.383333 0.616667 
274.3 0.383333 0.616667 
274.4 0.383333 0.616667 
274.5 0.383333 0.616667 
274.6 0.383333 0.616667 
274.7 0.383333 0.616667 
274.8 0.383333 0.616667 
274.9 0.383333 0.616667 
275 0.383333 0.616667 
275.1 0.383333 0.616667 
275.2 0.383333 0.616667 
275.3 0.383333 0.616667 
275.4 0.383333 0.616667 
275.5 0.383333 0.616667 
275.6 0.383333 0.616667 
275.7 0.383333 0.616667 
275.8 0.383333 0.616667 
275.9 0.383333 0.616667 
276 0.383333 0.616667 
276.1 0.383333 0.616667 
276.2 0.383333 0.616667 
276.3 0.383333 0.616667 
276.4 0.383333 0.616667 
276.5 0.383333 0.616667 
276.6 0.383333 0.616667 
276.7 0.383333 0.616667 
276.8 0.383333 0.616667 
276.9 0.383333 0.616667 
277 0.383333 0.616667 
277.1 0.383333 0.616667 
277.2 0.383333 0.616667 
277.3 0.383333 0.616667 
277.4 0.383333 0.616667 
277.5 0.383333 0.616667 
277.6 0.383333 0.616667 
277.7 0.383333 0.616667 
277.8 0.383333 0.616667 
277.9 0.383333 0.616667 
278 0.383333 0.616667 
278.1 0.383333 0.616667 
278.2 0.383333 0.616667 
278.3 0.383333 0.616667 
278.4 0.383333 0.616667 
278.5 0.383333 0.616667 
278.6 0.383333 0.616667 
278.7 0.383333 0.616667 
278.8 0.383333 0.616667 
278.9 0.383333 0.616667 
279 0.383333 0.616667 
279.1 0.383333 0.616667 
279.2 0.383333 0.616667 
279.3 0.383333 0.616667 
279.4 0.383333 0.616667 
279.5 0.383333 0.616667 
279.6 0.383333 0.616667 
279.7 0.383333 0.616667 
279.8 0.383333 0.616667 
279.9 0.383333 0.616667 
280 0.383333 0.616667 
280.1 0.383333 0.616667 
280.2 0.383333 0.616667 
280.3 0.383333 0.616667 
280.4 0.383333 0.616667 
280.5 0.383333 0.616667 
280.6 0.383333 0.616667 
280.7 0.383333 0.616667 
280.8 0.383333 0.616667 
280.9 0.383333 0.616667 
281 0.383333 0.616667 
281.1 0.383333 0.616667 
281.2 0.383333 0.616667 
281.3 0.383333 0.616667 
281.4 0.383333 0.616667 
281.5 0.383333 0.616667 
281.6 0.383333 0.616667 
281.7 0.383333 0.616667 
281.8 0.383333 0.616667 
281.9 0.383333 0.616667 
282 0.383333 0.616667 
282.1 0.383333 0.616667 
282.2 0.383333 0.616667 
282.3 0.383333 0.616667 
282.4 0.383333 0.616667 
282.5 0.383333 0.616667 
282.6 0.383333 0.616667 
282.7 0.383333 0.616667 
282.8 0.383333 0.616667 
282.9 0.383333 0.616667 
283 0.383333 0.616667 
283.1 0.383333 0.616667 
283.2 0.383333 0.616667 
283.3 0.383333 0.616667 
283.4 0.383333 0.616667 
283.5 0.383333 0.616667 
283.6 0.383333 0.616667 
283.7 0.383333 0.616667 
283.8 0.383333 0.616667 
283.9 0.383333 0.616667 
284 0.383333 0.616667 
284.1 0.383333 0.616667 
284.2 0.383333 0.616667 
284.3 0.383333 0.616667 
284.4 0.383333 0.616667 
284.5 0.383333 0.616667 
284.6 0.383333 0.616667 
284.7 0.383333 0.616667 
284.8 0.383333 0.616667 
284.9 0.383333 0.616667 
285 0.383333 0.616667 
285.1 0.383333 0.616667 
285.2 0.383333 0.616667 
285.3 0.383333 0.616667 
285.4 0.383333 0.616667 
285.5 0.383333 0.616667 
285.6 0.383333 0.616667 
285.7 0.383333 0.616667 
285.8 0.383333 0.616667 
285.9 0.383333 0.616667 
286 0.383333 0.616667 
286.1 0.383333 0.616667 
286.2 0.383333 0.616667 
286.3 0.383333 0.616667 
286.4 0.383333 0.616667 
286.5 0.383333 0.616667 
286.6 0.383333 0.616667 
286.7 0.383333 0.616667 
286.8 0.383333 0.616667 
286.9 0.383333 0.616667 
287 0.383333 0.616667 
287.1 0.383333 0.616667 
287.2 0.383333 0.616667 
287.3 0.383333 0.616667 
287.4 0.383333 0.616667 
287.5 0.383333 0.616667 
287.6 0.383333 0.616667 
287.7 0.383333 0.616667 
287.8 0.383333 0.616667 
287.9 0.383333 0.616667 
288 0.383333 0.616667 
288.1 0.383333 0.616667 
288.2 0.383333 0.616667 
288.3 0.383333 0.616667 
288.4 0.383333 0.616667 
288.5 0.383333 0.616667 
288.6 0.383333 0.616667 
288.7 0.383333 0.616667 
288.8 0.383333 0.616667 
288.9 0.383333 0.616667 
289 0.383333 0.616667 
289.1 0.383333 0.616667 
289.2 0.383333 0.616667 
289.3 0.383333 0.616667 
289.4 0.383333 0.616667 
289.5 0.383333 0.616667 
289.6 0.383333 0.616667 
289.7 0.383333 0.616667 
289.8 0.383333 0.616667 
289.9 0.383333 0.616667 
290 0.383333 0.616667 
290.1 0.383333 0.616667 
290.2 0.383333 0.616667 
290.3 0.383333 0.616667 
290.4 0.383333 0.616667 
290.5 0.383333 0.616667 
290.6 0.383333 0.616667 
290.7 0.383333 0.616667 
290.8 0.383333 0.616667 
290.9 0.383333 0.616667 
291 0.383333 0.616667 
291.1 0.383333 0.616667 
291.2 0.383333 0.616667 
291.3 0.383333 0.616667 
291.4 0.383333 0.616667 
291.5 0.383333 0.616667 
291.6 0.383333 0.616667 
291.7 0.383333 0.616667 
291.8 0.383333 0.616667 
291.9 0.383333 0.616667 
292 0.383333 0.616667 
292.1 0.383333 0.616667 
292.2 0.383333 0.616667 
292.3 0.383333 0.616667 
292.4 0.383333 0.616667 
292.5 0.383333 0.616667 
292.6 0.383333 0.616667 
292.7 0.383333 0.616667 
292.8 0.383333 0.616667 
292.9 0.383333 0.616667 
293 0.383333 0.616667 
293.1 0.383333 0.616667 
293.2 0.383333 0.616667 
293.3 0.383333 0.616667 
293.4 0.383333 0.616667 
293.5 0.383333 0.616667 
293.6 0.383333 0.616667 
293.7 0.383333 0.616667 
293.8 0.383333 0.616667 
293.9 0.383333 0.616667 
294 0.383333 0.616667 
294.1 0.383333 0.616667 
294.2 0.383333 0.616667 
294.3 0.383333 0.616667 
294.4 0.383333 0.616667 
294.5 0.383333 0.616667 
294.6 0.383333 0.616667 
294.7 0.383333 0.616667 
294.8 0.383333 0.616667 
294.9 0.383333 0.616667 
295 0.383333 0.616667 
295.1 0.383333 0.616667 
295.2 0.383333 0.616667 
295.3 0.383333 0.616667 
295.4 0.383333 0.616667 
295.5 0.383333 0.616667 
295.6 0.383333 0.616667 
295.7 0.383333 0.616667 
295.8 0.383333 0.616667 
295.9 0.383333 0.616667 
296 0.383333 0.616667 
296.1 0.383333 0.616667 
296.2 0.383333 0.616667 
296.3 0.383333 0.616667 
296.4 0.383333 0.616667 
296.5 0.383333 0.616667 
296.6 0.383333 0.616667 
296.7 0.383333 0.616667 
296.8 0.383333 0.616667 
296.9 0.383333 0.616667 
297 0.383333 0.616667 
297.1 0.383333 0.616667 
297.2 0.383333 0.616667 
297.3 0.383333 0.616667 
297.4 0.383333 0.616667 
297.5 0.383333 0.616667 
297.6 0.383333 0.616667 
297.7 0.383333 0.616667 
297.8 0.383333 0.616667 
297.9 0.383333 0.616667 
298 0.383333 0.616667 
298.1 0.383333 0.616667 
298.2 0.383333 0.616667 
298.3 0.383333 0.616667 
298.4 0.383333 0.616667 
298.5 0.383333 0.616667 
298.6 0.383333 0.616667 
298.7 0.383333 0.616667 
298.8 0.383333 0.616667 
298.9 0.383333 0.616667 
299 0.383333 0.616667 
299.1 0.383333 0.616667 
299.2 0.383333 0.616667 
299.3 0.383333 0.616667 
299.4 0.383333 0.616667 
299.5 0.383333 0.616667 
299.6 0.383333 0.616667 
299.7 0.383333 0.616667 
299.8 0.383333 0.616667 
299.9 0.383333 0.616667 
300 0.383333 0.616667 
300.1 0.383333 0.616667 
300.2 0.383333 0.616667 
300.3 0.383333 0.616667 
300.4 0.383333 0.616667 
300.5 0.383333 0.616667 
300.6 0.383333 0.616667 
300.7 0.383333 0.616667 
300.8 0.383333 0.616667 
300.9 0.383333 0.616667 
301 0.383333 0.616667 
301.1 0.383333 0.616667 
301.2 0.383333 0.616667 
301.3 0.383333 0.616667 
301.4 0.383333 0.616667 
301.5 0.383333 0.616667 
301.6 0.383333 0.616667 
301.7 0.383333 0.616667 
301.8 0.383333 0.616667 
301.9 0.383333 0.616667 
302 0.383333 0.616667 
302.1 0.383333 0.616667 
302.2 0.383333 0.616667 
302.3 0.383333 0.616667 
302.4 0.383333 0.616667 
302.5 0.383333 0.616667 
302.6 0.383333 0.616667 
302.7 0.383333 0.616667 
302.8 0.383333 0.616667 
302.9 0.383333 0.616667 
303 0.383333 0.616667 
303.1 0.383333 0.616667 
303.2 0.383333 0.616667 
303.3 0.383333 0.616667 
303.4 0.383333 0.616667 
303.5 0.383333 0.616667 
303.6 0.383333 0.616667 
303.7 0.383333 0.616667 
303.8 0.383333 0.616667 
303.9 0.383333 0.616667 
304 0.383333 0.616667 
304.1 0.383333 0.616667 
304.2 0.383333 0.616667 
304.3 0.383333 0.616667 
304.4 0.383333 0.616667 
304.5 0.383333 0.616667 
304.6 0.383333 0.616667 
304.7 0.383333 0.616667 
304.8 0.383333 0.616667 
304.9 0.383333 0.616667 
305 0.383333 0.616667 
305.1 0.383333 0.616667 
305.2 0.383333 0.616667 
305.3 0.383333 0.616667 
305.4 0.383333 0.616667 
305.5 0.383333 0.616667 
305.6 0.383333 0.616667 
305.7 0.383333 0.616667 
305.8 0.383333 0.616667 
305.9 0.383333 0.616667 
306 0.383333 0.616667 
306.1 0.383333 0.616667 
306.2 0.383333 0.616667 
306.3 0.383333 0.616667 
306.4 0.383333 0.616667 
306.5 0.383333 0.616667 
306.6 0.383333 0.616667 
306.7 0.383333 0.616667 
306.8 0.383333 0.616667 
306.9 0.383333 0.616667 
307 0.383333 0.616667 
307.1 0.383333 0.616667 
307.2 0.383333 0.616667 
307.3 0.383333 0.616667 
307.4 0.383333 0.616667 
307.5 0.383333 0.616667 
307.6 0.383333 0.616667 
307.7 0.383333 0.616667 
307.8 0.383333 0.616667 
307.9 0.383333 0.616667 
308 0.383333 0.616667 
308.1 0.383333 0.616667 
308.2 0.383333 0.616667 
308.3 0.383333 0.616667 
308.4 0.383333 0.616667 
308.5 0.383333 0.616667 
308.6 0.383333 0.616667 
308.7 0.383333 0.616667 
308.8 0.383333 0.616667 
308.9 0.383333 0.616667 
309 0.383333 0.616667 
309.1 0.383333 0.616667 
309.2 0.383333 0.616667 
309.3 0.383333 0.616667 
309.4 0.383333 0.616667 
309.5 0.383333 0.616667 
309.6 0.383333 0.616667 
309.7 0.383333 0.616667 
309.8 0.383333 0.616667 
309.9 0.383333 0.616667 
310 0.383333 0.616667 
310.1 0.383333 0.616667 
310.2 0.383333 0.616667 
310.3 0.383333 0.616667 
310.4 0.383333 0.616667 
310.5 0.383333 0.616667 
310.6 0.383333 0.616667 
310.7 0.383333 0.616667 
310.8 0.383333 0.616667 
310.9 0.383333 0.616667 
311 0.383333 0.616667 
311.1 0.383333 0.616667 
311.2 0.383333 0.616667 
311.3 0.383333 0.616667 
311.4 0.383333 0.616667 
311.5 0.383333 0.616667 
311.6 0.383333 0.616667 
311.7 0.383333 0.616667 
311.8 0.383333 0.616667 
311.9 0.383333 0.616667 
312 0.383333 0.616667 
312.1 0.383333 0.616667 
312.2 0.383333 0.616667 
312.3 0.383333 0.616667 
312.4 0.383333 0.616667 
312.5 0.383333 0.616667 
312.6 0.383333 0.616667 
312.7 0.383333 0.616667 
312.8 0.383333 0.616667 
312.9 0.383333 0.616667 
313 0.383333 0.616667 
313.1 0.383333 0.616667 
313.2 0.383333 0.616667 
313.3 0.383333 0.616667 
313.4 0.383333 0.616667 
313.5 0.383333 0.616667 
313.6 0.383333 0.616667 
313.7 0.383333 0.616667 
313.8 0.383333 0.616667 
313.9 0.383333 0.616667 
314 0.383333 0.616667 
314.1 0.383333 0.616667 
314.2 0.383333 0.616667 
314.3 0.383333 0.616667 
314.4 0.383333 0.616667 
314.5 0.383333 0.616667 
314.6 0.383333 0.616667 
314.7 0.383333 0.616667 
314.8 0.383333 0.616667 
314.9 0.383333 0.616667 
315 0.383333 0.616667 
315.1 0.383333 0.616667 
315.2 0.383333 0.616667 
315.3 0.383333 0.616667 
315.4 0.383333 0.616667 
315.5 0.383333 0.616667 
315.6 0.383333 0.616667 
315.7 0.383333 0.616667 
315.8 0.383333 0.616667 
315.9 0.383333 0.616667 
316 0.383333 0.616667 
316.1 0.383333 0.616667 
316.2 0.383333 0.616667 
316.3 0.383333 0.616667 
316.4 0.383333 0.616667 
316.5 0.383333 0.616667 
316.6 0.383333 0.616667 
316.7 0.383333 0.616667 
316.8 0.383333 0.616667 
316.9 0.383333 0.616667 
317 0.383333 0.616667 
317.1 0.383333 0.616667 
317.2 0.383333 0.616667 
317.3 0.383333 0.616667 
317.4 0.383333 0.616667 
317.5 0.383333 0.616667 
317.6 0.383333 0.616667 
317.7 0.383333 0.616667 
317.8 0.383333 0.616667 
317.9 0.383333 0.616667 
318 0.383333 0.616667 
318.1 0.383333 0.616667 
318.2 0.383333 0.616667 
318.3 0.383333 0.616667 
318.4 0.383333 0.616667 
318.5 0.383333 0.616667 
318.6 0.383333 0.616667 
318.7 0.383333 0.616667 
318.8 0.383333 0.616667 
318.9 0.383333 0.616667 
319 0.383333 0.616667 
319.1 0.383333 0.616667 
319.2 0.383333 0.616667 
319.3 0.383333 0.616667 
319.4 0.383333 0.616667 
319.5 0.383333 0.616667 
319.6 0.383333 0.616667 
319.7 0.383333 0.616667 
319.8 0.383333 0.616667 
319.9 0.383333 0.616667 
320 0.383333 0.616667 
320.1 0.383333 0.616667 
320.2 0.383333 0.616667 
320.3 0.383333 0.616667 
320.4 0.383333 0.616667 
320.5 0.383333 0.616667 
320.6 0.383333 0.616667 
320.7 0.383333 0.616667 
320.8 0.383333 0.616667 
320.9 0.383333 0.616667 
321 0.383333 0.616667 
321.1 0.383333 0.616667 
321.2 0.383333 0.616667 
321.3 0.383333 0.616667 
321.4 0.383333 0.616667 
321.5 0.383333 0.616667 
321.6 0.383333 0.616667 
321.7 0.383333 0.616667 
321.8 0.383333 0.616667 
321.9 0.383333 0.616667 
322 0.383333 0.616667 
322.1 0.383333 0.616667 
322.2 0.383333 0.616667 
322.3 0.383333 0.616667 
322.4 0.383333 0.616667 
322.5 0.383333 0.616667 
322.6 0.383333 0.616667 
322.7 0.383333 0.616667 
322.8 0.383333 0.616667 
322.9 0.383333 0.616667 
323 0.383333 0.616667 
323.1 0.383333 0.616667 
323.2 0.383333 0.616667 
323.3 0.383333 0.616667 
323.4 0.383333 0.616667 
323.5 0.383333 0.616667 
323.6 0.383333 0.616667 
323.7 0.383333 0.616667 
323.8 0.383333 0.616667 
323.9 0.383333 0.616667 
324 0.383333 0.616667 
324.1 0.383333 0.616667 
324.2 0.383333 0.616667 
324.3 0.383333 0.616667 
324.4 0.383333 0.616667 
324.5 0.383333 0.616667 
324.6 0.383333 0.616667 
324.7 0.383333 0.616667 
324.8 0.383333 0.616667 
324.9 0.383333 0.616667 
325 0.383333 0.616667 
325.1 0.383333 0.616667 
325.2 0.383333 0.616667 
325.3 0.383333 0.616667 
325.4 0.383333 0.616667 
325.5 0.383333 0.616667 
325.6 0.383333 0.616667 
325.7 0.383333 0.616667 
325.8 0.383333 0.616667 
325.9 0.383333 0.616667 
326 0.383333 0.616667 
326.1 0.383333 0.616667 
326.2 0.383333 0.616667 
326.3 0.383333 0.616667 
326.4 0.383333 0.616667 
326.5 0.383333 0.616667 
326.6 0.383333 0.616667 
326.7 0.383333 0.616667 
326.8 0.383333 0.616667 
326.9 0.383333 0.616667 
327 0.383333 0.616667 
327.1 0.383333 0.616667 
327.2 0.383333 0.616667 
327.3 0.383333 0.616667 
327.4 0.383333 0.616667 
327.5 0.383333 0.616667 
327.6 0.383333 0.616667 
327.7 0.383333 0.616667 
327.8 0.383333 0.616667 
327.9 0.383333 0.616667 
328 0.383333 0.616667 
328.1 0.383333 0.616667 
328.2 0.383333 0.616667 
328.3 0.383333 0.616667 
328.4 0.383333 0.616667 
328.5 0.383333 0.616667 
328.6 0.383333 0.616667 
328.7 0.383333 0.616667 
328.8 0.383333 0.616667 
328.9 0.383333 0.616667 
329 0.383333 0.616667 
329.1 0.383333 0.616667 
329.2 0.383333 0.616667 
329.3 0.383333 0.616667 
329.4 0.383333 0.616667 
329.5 0.383333 0.616667 
329.6 0.383333 0.616667 
329.7 0.383333 0.616667 
329.8 0.383333 0.616667 
329.9 0.383333 0.616667 
330 0.383333 0.616667 
330.1 0.383333 0.616667 
330.2 0.383333 0.616667 
330.3 0.383333 0.616667 
330.4 0.383333 0.616667 
330.5 0.383333 0.616667 
330.6 0.383333 0.616667 
330.7 0.383333 0.616667 
330.8 0.383333 0.616667 
330.9 0.383333 0.616667 
331 0.383333 0.616667 
331.1 0.383333 0.616667 
331.2 0.383333 0.616667 
331.3 0.383333 0.616667 
331.4 0.383333 0.616667 
331.5 0.383333 0.616667 
331.6 0.383333 0.616667 
331.7 0.383333 0.616667 
331.8 0.383333 0.616667 
331.9 0.383333 0.616667 
332 0.383333 0.616667 
332.1 0.383333 0.616667 
332.2 0.383333 0.616667 
332.3 0.383333 0.616667 
332.4 0.383333 0.616667 
332.5 0.383333 0.616667 
332.6 0.383333 0.616667 
332.7 0.383333 0.616667 
332.8 0.383333 0.616667 
332.9 0.383333 0.616667 
333 0.383333 0.616667 
333.1 0.383333 0.616667 
333.2 0.383333 0.616667 
333.3 0.383333 0.616667 
333.4 0.383333 0.616667 
333.5 0.383333 0.616667 
333.6 0.383333 0.616667 
333.7 0.383333 0.616667 
333.8 0.383333 0.616667 
333.9 0.383333 0.616667 
334 0.383333 0.616667 
334.1 0.383333 0.616667 
334.2 0.383333 0.616667 
334.3 0.383333 0.616667 
334.4 0.383333 0.616667 
334.5 0.383333 0.616667 
334.6 0.383333 0.616667 
334.7 0.383333 0.616667 
334.8 0.383333 0.616667 
334.9 0.383333 0.616667 
335 0.383333 0.616667 
335.1 0.383333 0.616667 
335.2 0.383333 0.616667 
335.3 0.383333 0.616667 
335.4 0.383333 0.616667 
335.5 0.383333 0.616667 
335.6 0.383333 0.616667 
335.7 0.383333 0.616667 
335.8 0.383333 0.616667 
335.9 0.383333 0.616667 
336 0.383333 0.616667 
336.1 0.383333 0.616667 
336.2 0.383333 0.616667 
336.3 0.383333 0.616667 
336.4 0.383333 0.616667 
336.5 0.383333 0.616667 
336.6 0.383333 0.616667 
336.7 0.383333 0.616667 
336.8 0.383333 0.616667 
336.9 0.383333 0.616667 
337 0.383333 0.616667 
337.1 0.383333 0.616667 
337.2 0.383333 0.616667 
337.3 0.383333 0.616667 
337.4 0.383333 0.616667 
337.5 0.383333 0.616667 
337.6 0.383333 0.616667 
337.7 0.383333 0.616667 
337.8 0.383333 0.616667 
337.9 0.383333 0.616667 
338 0.383333 0.616667 
338.1 0.383333 0.616667 
338.2 0.383333 0.616667 
338.3 0.383333 0.616667 
338.4 0.383333 0.616667 
338.5 0.383333 0.616667 
338.6 0.383333 0.616667 
338.7 0.383333 0.616667 
338.8 0.383333 0.616667 
338.9 0.383333 0.616667 
339 0.383333 0.616667 
339.1 0.383333 0.616667 
339.2 0.383333 0.616667 
339.3 0.383333 0.616667 
339.4 0.383333 0.616667 
339.5 0.383333 0.616667 
339.6 0.383333 0.616667 
339.7 0.383333 0.616667 
339.8 0.383333 0.616667 
339.9 0.383333 0.616667 
340 0.383333 0.616667 
340.1 0.383333 0.616667 
340.2 0.383333 0.616667 
340.3 0.383333 0.616667 
340.4 0.383333 0.616667 
340.5 0.383333 0.616667 
340.6 0.383333 0.616667 
340.7 0.383333 0.616667 
340.8 0.383333 0.616667 
340.9 0.383333 0.616667 
341 0.383333 0.616667 
341.1 0.383333 0.616667 
341.2 0.383333 0.616667 
341.3 0.383333 0.616667 
341.4 0.383333 0.616667 
341.5 0.383333 0.616667 
341.6 0.383333 0.616667 
341.7 0.383333 0.616667 
341.8 0.383333 0.616667 
341.9 0.383333 0.616667 
342 0.383333 0.616667 
342.1 0.383333 0.616667 
342.2 0.383333 0.616667 
342.3 0.383333 0.616667 
342.4 0.383333 0.616667 
342.5 0.383333 0.616667 
342.6 0.383333 0.616667 
342.7 0.383333 0.616667 
342.8 0.383333 0.616667 
342.9 0.383333 0.616667 
343 0.383333 0.616667 
343.1 0.383333 0.616667 
343.2 0.383333 0.616667 
343.3 0.383333 0.616667 
343.4 0.383333 0.616667 
343.5 0.383333 0.616667 
343.6 0.383333 0.616667 
343.7 0.383333 0.616667 
343.8 0.383333 0.616667 
343.9 0.383333 0.616667 
344 0.383333 0.616667 
344.1 0.383333 0.616667 
344.2 0.383333 0.616667 
344.3 0.383333 0.616667 
344.4 0.383333 0.616667 
344.5 0.383333 0.616667 
344.6 0.383333 0.616667 
344.7 0.383333 0.616667 
344.8 0.383333 0.616667 
344.9 0.383333 0.616667 
345 0.383333 0.616667 
345.1 0.383333 0.616667 
345.2 0.383333 0.616667 
345.3 0.383333 0.616667 
345.4 0.383333 0.616667 
345.5 0.383333 0.616667 
345.6 0.383333 0.616667 
345.7 0.383333 0.616667 
345.8 0.383333 0.616667 
345.9 0.383333 0.616667 
346 0.383333 0.616667 
346.1 0.383333 0.616667 
346.2 0.383333 0.616667 
346.3 0.383333 0.616667 
346.4 0.383333 0.616667 
346.5 0.383333 0.616667 
346.6 0.383333 0.616667 
346.7 0.383333 0.616667 
346.8 0.383333 0.616667 
346.9 0.383333 0.616667 
347 0.383333 0.616667 
347.1 0.383333 0.616667 
347.2 0.383333 0.616667 
347.3 0.383333 0.616667 
347.4 0.383333 0.616667 
347.5 0.383333 0.616667 
347.6 0.383333 0.616667 
347.7 0.383333 0.616667 
347.8 0.383333 0.616667 
347.9 0.383333 0.616667 
348 0.383333 0.616667 
348.1 0.383333 0.616667 
348.2 0.383333 0.616667 
348.3 0.383333 0.616667 
348.4 0.383333 0.616667 
348.5 0.383333 0.616667 
348.6 0.383333 0.616667 
348.7 0.383333 0.616667 
348.8 0.383333 0.616667 
348.9 0.383333 0.616667 
349 0.383333 0.616667 
349.1 0.383333 0.616667 
349.2 0.383333 0.616667 
349.3 0.383333 0.616667 
349.4 0.383333 0.616667 
349.5 0.383333 0.616667 
349.6 0.383333 0.616667 
349.7 0.383333 0.616667 
349.8 0.383333 0.616667 
349.9 0.383333 0.616667 
350 0.383333 0.616667 
350.1 0.383333 0.616667 
350.2 0.383333 0.616667 
350.3 0.383333 0.616667 
350.4 0.383333 0.616667 
350.5 0.383333 0.616667 
350.6 0.383333 0.616667 
350.7 0.383333 0.616667 
350.8 0.383333 0.616667 
350.9 0.383333 0.616667 
351 0.383333 0.616667 
351.1 0.383333 0.616667 
351.2 0.383333 0.616667 
351.3 0.383333 0.616667 
351.4 0.383333 0.616667 
351.5 0.383333 0.616667 
351.6 0.383333 0.616667 
351.7 0.383333 0.616667 
351.8 0.383333 0.616667 
351.9 0.383333 0.616667 
352 0.383333 0.616667 
352.1 0.383333 0.616667 
352.2 0.383333 0.616667 
352.3 0.383333 0.616667 
352.4 0.383333 0.616667 
352.5 0.383333 0.616667 
352.6 0.383333 0.616667 
352.7 0.383333 0.616667 
352.8 0.383333 0.616667 
352.9 0.383333 0.616667 
353 0.383333 0.616667 
353.1 0.383333 0.616667 
353.2 0.383333 0.616667 
353.3 0.383333 0.616667 
353.4 0.383333 0.616667 
353.5 0.383333 0.616667 
353.6 0.383333 0.616667 
353.7 0.383333 0.616667 
353.8 0.383333 0.616667 
353.9 0.383333 0.616667 
354 0.383333 0.616667 
354.1 0.383333 0.616667 
354.2 0.383333 0.616667 
354.3 0.383333 0.616667 
354.4 0.383333 0.616667 
354.5 0.383333 0.616667 
354.6 0.383333 0.616667 
354.7 0.383333 0.616667 
354.8 0.383333 0.616667 
354.9 0.383333 0.616667 
355 0.383333 0.616667 
355.1 0.383333 0.616667 
355.2 0.383333 0.616667 
355.3 0.383333 0.616667 
355.4 0.383333 0.616667 
355.5 0.383333 0.616667 
355.6 0.383333 0.616667 
355.7 0.383333 0.616667 
355.8 0.383333 0.616667 
355.9 0.383333 0.616667 
356 0.383333 0.616667 
356.1 0.383333 0.616667 
356.2 0.383333 0.616667 
356.3 0.383333 0.616667 
356.4 0.383333 0.616667 
356.5 0.383333 0.616667 
356.6 0.383333 0.616667 
356.7 0.383333 0.616667 
356.8 0.383333 0.616667 
356.9 0.383333 0.616667 
357 0.383333 0.616667 
357.1 0.383333 0.616667 
357.2 0.383333 0.616667 
357.3 0.383333 0.616667 
357.4 0.383333 0.616667 
357.5 0.383333 0.616667 
357.6 0.383333 0.616667 
357.7 0.383333 0.616667 
357.8 0.383333 0.616667 
357.9 0.383333 0.616667 
358 0.383333 0.616667 
358.1 0.383333 0.616667 
358.2 0.383333 0.616667 
358.3 0.383333 0.616667 
358.4 0.383333 0.616667 
358.5 0.383333 0.616667 
358.6 0.383333 0.616667 
358.7 0.383333 0.616667 
358.8 0.383333 0.616667 
358.9 0.383333 0.616667 
359 0.383333 0.616667 
359.1 0.383333 0.616667 
359.2 0.383333 0.616667 
359.3 0.383333 0.616667 
359.4 0.383333 0.616667 
359.5 0.383333 0.616667 
359.6 0.383333 0.616667 
359.7 0.383333 0.616667 
359.8 0.383333 0.616667 
359.9 0.383333 0.616667 
360 0.383333 0.616667 
360.1 0.383333 0.616667 
360.2 0.383333 0.616667 
360.3 0.383333 0.616667 
360.4 0.383333 0.616667 
360.5 0.383333 0.616667 
360.6 0.383333 0.616667 
360.7 0.383333 0.616667 
360.8 0.383333 0.616667 
360.9 0.383333 0.616667 
361 0.383333 0.616667 
361.1 0.383333 0.616667 
361.2 0.383333 0.616667 
361.3 0.383333 0.616667 
361.4 0.383333 0.616667 
361.5 0.383333 0.616667 
361.6 0.383333 0.616667 
361.7 0.383333 0.616667 
361.8 0.383333 0.616667 
361.9 0.383333 0.616667 
362 0.383333 0.616667 
362.1 0.383333 0.616667 
362.2 0.383333 0.616667 
362.3 0.383333 0.616667 
362.4 0.383333 0.616667 
362.5 0.383333 0.616667 
362.6 0.383333 0.616667 
362.7 0.383333 0.616667 
362.8 0.383333 0.616667 
362.9 0.383333 0.616667 
363 0.383333 0.616667 
363.1 0.383333 0.616667 
363.2 0.383333 0.616667 
363.3 0.383333 0.616667 
363.4 0.383333 0.616667 
363.5 0.383333 0.616667 
363.6 0.383333 0.616667 
363.7 0.383333 0.616667 
363.8 0.383333 0.616667 
363.9 0.383333 0.616667 
364 0.383333 0.616667 
364.1 0.383333 0.616667 
364.2 0.383333 0.616667 
364.3 0.383333 0.616667 
364.4 0.383333 0.616667 
364.5 0.383333 0.616667 
364.6 0.383333 0.616667 
364.7 0.383333 0.616667 
364.8 0.383333 0.616667 
364.9 0.383333 0.616667 
